UNITS=MM
#Layer_Color=8388736
#
#Feature symbol names
#
$0 r179.99964
$1 r254

#
#Feature attribute names
#

#
#Layer features
#
A 76.51057596 75.86093794 76.87069462 74.28315598 96.46594372 79.58563204 0 P 0 N
A 76.51057596 83.3103236 76.77520078 82.69600174 77.10038936 83.20023492 0 P 0 N
A 76.77520078 76.47526234 76.51057596 75.86094048 77.10038936 75.97102916 0 P 0 N
A 76.87069462 84.8881081 76.51057596 83.31032614 96.46594372 79.58563204 0 P 0 N
A 76.87069716 74.28315598 77.37565678 73.84448782 77.44986542 74.43987906 0 P 0 N
A 77.37565678 85.32677626 76.87069716 84.8881081 77.44986542 84.73138502 0 P 0 N
A 79.75487732 78.39691458 80.02920494 78.92523458 79.42968874 78.90114776 0 P 0 N
A 80.02920494 80.24602696 80.02920494 78.92523712 96.46594372 79.58563204 0 P 0 N
A 80.02920494 80.2460295 79.75487732 80.7743495 79.42968874 80.27011632 0 P 0 N
A 80.07473698 68.23978986 80.10286494 67.57149046 80.58650126 67.92658754 0 P 0 N
A 80.1028624 67.57149046 81.11189264 66.30620724 96.46594372 79.58563204 0 P 0 N
A 80.10286494 91.59977362 80.07473698 90.93147422 80.58650126 91.24467654 0 P 0 N
A 80.89403176 85.7652971 81.37041892 86.12227124 80.81982312 86.36068834 0 P 0 N
A 81.11189264 66.30620724 81.75717964 66.13007348 81.56570682 66.69870074 0 P 0 N
A 81.11189264 92.86505684 80.1028624 91.59977362 96.46594372 79.58563204 0 P 0 N
A 81.37041892 73.04899284 80.89403176 73.40596698 80.81982312 72.81057574 0 P 0 N
A 81.37041892 73.04899538 81.94348864 71.85900284 96.46594372 79.58563204 0 P 0 N
A 81.75717964 93.0411906 81.11189264 92.86505684 81.56570682 92.47256334 0 P 0 N
A 81.92555878 71.26397736 81.94348864 71.8590003 81.4137945 71.57717968 0 P 0 N
A 81.94348864 87.31226124 81.37041892 86.1222687 96.46594372 79.58563204 0 P 0 N
A 81.94348864 87.31226378 81.92555878 87.90728672 81.4137945 87.5940844 0 P 0 N
A 85.11738882 91.90971712 85.70148468 92.02464196 85.30886164 92.47834438 0 P 0 N
A 85.28312128 81.35085584 85.62782722 80.86466174 85.76185032 81.32497578 1 P 0 N
A 85.33490934 78.83137904 84.97202716 78.3578443 85.3245182 78.46353116 1 P 0 N
A 85.5159326 76.01744258 86.03381574 75.72247746 85.96074502 76.1963043 1 P 0 N
A 85.70148468 67.14662212 85.11738882 67.26154696 85.30886164 66.6929197 0 P 0 N
A 85.70148722 67.14662212 86.73412422 66.3231211 96.46594372 79.58563204 0 P 0 N
A 86.3082856 83.97765018 85.77927472 83.70184174 86.14340658 83.64865922 1 P 0 N
A 86.62075386 62.25150364 86.9360593 61.66159118 87.21773006 62.19136406 0 P 0 N
A 86.62112724 73.72239764 86.5230299 73.1339279 86.78464482 73.3927285 1 P 0 N
A 86.73412168 92.84814298 86.97613796 93.39202048 86.37916176 93.3318809 0 P 0 N
A 86.73412422 92.84814298 85.70148722 92.02464196 96.46594372 79.58563204 0 P 0 N
A 86.84124618 86.64117292 86.9276519 86.0514789 87.25604596 86.40077462 1 P 0 N
A 86.9360593 61.66158864 88.39414884 60.95941072 96.46594372 79.58563204 0 P 0 N
A 86.9360593 97.5096729 86.62075386 96.91976044 87.21773006 96.97990002 0 P 0 N
A 86.97613796 65.7792436 86.73412168 66.3231211 86.37916176 65.83938318 0 P 0 N
A 88.10201582 71.32282154 88.69775504 71.30551398 88.41079092 71.68957468 1 P 0 N
A 88.39414884 60.95941072 89.05195296 61.08069826 88.63272342 61.50993794 0 P 0 N
A 88.39414884 98.21185336 86.9360593 97.50967544 96.46594372 79.58563204 0 P 0 N
A 88.94720844 88.51624664 88.35064372 88.51066626 88.65094284 88.29796666 1 P 0 N
A 89.7780907 77.7370556 89.65664568 78.58075724 89.55927732 78.13615056 1 P 0 N
A 89.87268792 81.10808772 90.11918476 81.92406272 89.84304104 81.56226258 1 P 0 N
A 90.08013734 70.11404316 90.21977384 69.534024 90.35946876 69.8744729 1 P 0 N
A 90.82036192 84.3412461 91.41043694 84.95637822 91.00013804 84.75937836 1 P 0 N
A 91.05797384 74.84210838 90.55464998 75.53003436 90.67741072 75.0917599 1 P 0 N
A 92.1645858 63.70794726 91.58846808 63.55806186 92.00769762 63.12882218 0 P 0 N
A 92.1645858 63.70794726 93.4522642 63.41404386 96.46594372 79.58563204 0 P 0 N
A 92.38089474 68.48385592 92.93603714 68.70069826 92.52182156 68.9421024 1 P 0 N
A 93.72676708 72.87836326 92.99466034 73.31493846 93.2789092 72.95947054 1 P 0 N
A 93.90629428 63.0290332 93.4522642 63.41404386 93.34234316 62.82419998 0 P 0 N
A 94.24321766 81.4243101 96.67710154 76.50362906 96.01321412 79.2375225 0 P 0 N
A 94.82937854 68.25331536 95.20914664 67.7932096 95.18546114 68.1604428 1 P 0 N
A 95.11672874 59.69645668 95.65676322 59.30176862 95.68067986 59.9012899 0 P 0 N
A 95.65676322 59.30176608 97.27512422 59.30176608 96.46594372 79.58563204 0 P 0 N
A 96.89515546 72.33644918 96.04576168 72.407907 96.45706896 72.21302042 1 P 0 N
A 97.27512422 59.30176862 97.8151587 59.69645668 97.25120758 59.9012899 0 P 0 N
A 97.61191552 67.79669956 98.0158187 68.23495878 97.53769926 68.2703486 1 P 0 N
A 99.47962324 63.41404386 99.02559316 63.0290332 99.58954428 62.82419998 0 P 0 N
A 99.47962324 63.41404386 100.76730164 63.70794726 96.46594372 79.58563204 0 P 0 N
A 101.34341936 63.55806186 100.76730164 63.70794726 100.92418982 63.12882218 0 P 0 N
A 103.86124516 61.13060672 104.51904928 61.00931918 104.2804747 61.5598464 0 P 0 N
A 104.51904928 61.00931918 105.97713882 61.7114971 96.4472544 79.6355405 0 P 0 N
A 106.05908684 61.7409992 88.39414884 98.21185336 96.77634188 79.75833172 0 P 0 N
L 76.77520078 76.47526234 79.75487986 78.39691458 0 P 0
L 76.77520078 82.69600174 79.75487986 80.7743495 0 P 0
L 77.37565678 73.84448528 80.89402922 73.40596952 0 P 0
L 77.37565678 85.3267788 80.89402922 85.76529456 0 P 0
L 80.07473698 68.2397924 81.92555878 71.26397482 0 P 0
L 80.07473698 90.93147168 81.92555878 87.90728926 0 P 0
L 81.75717964 66.13007348 85.11738882 67.26154696 0 P 0
L 81.75717964 93.0411906 85.11738882 91.90971712 0 P 0
L 84.97202208 78.3578443 85.51593006 76.01744512 1 P 0
L 85.28312382 81.3508533 85.77927218 83.70184428 1 P 0
L 85.34681178 78.8453465 89.65666346 78.58060992 1 P 0
L 85.6096967 80.86080348 89.87249488 81.11105444 1 P 0
L 86.01900754 75.71132178 89.77666068 77.73966164 1 P 0
L 86.32497086 83.98527526 90.11914412 81.92392556 1 P 0
L 86.5230299 73.13392536 88.1020209 71.32282662 1 P 0
L 86.62075132 62.25150364 86.9761405 65.7792436 0 P 0
L 86.62075132 96.91976044 86.9761405 93.39202048 0 P 0
L 86.62507694 73.7403148 90.55473126 75.52992006 1 P 0
L 86.84124364 86.64117546 88.35064118 88.5106688 1 P 0
L 86.90974236 86.05627188 90.82153794 84.3439766 1 P 0
L 88.68992676 71.28871696 91.05548464 74.84374922 1 P 0
L 88.96554216 88.51546432 91.41033788 84.95627408 1 P 0
L 89.05195296 61.08069826 91.58846808 63.55806186 0 P 0
L 89.65663044 78.58089186 89.65666346 78.58060992 1 P 0
L 90.0767693 70.13208224 92.99478226 73.31486226 1 P 0
L 90.11914412 81.92392556 90.11922794 81.92419734 1 P 0
L 90.21976622 69.53402654 92.38089728 68.48385846 1 P 0
L 90.5545687 75.5301512 90.55473126 75.52992006 1 P 0
L 91.41033788 84.95627408 91.410536 84.95647474 1 P 0
L 92.93539452 68.68217658 93.72383846 72.87888904 1 P 0
L 92.9945435 73.31500958 92.99478226 73.31486226 1 P 0
L 93.90629428 63.0290332 95.11672874 59.69645414 0 P 0
L 94.30963866 81.4560601 96.66393672 76.53117028 0 P 0
L 94.81844638 68.26805498 96.04590392 72.40788922 1 P 0
L 95.2091441 67.7932096 97.61191552 67.79670464 1 P 0
L 96.04561944 72.4079197 96.04590392 72.40788922 1 P 0
L 96.8922878 72.33563638 98.02335742 68.21802206 1 P 0
L 97.8151587 59.69645414 99.02559316 63.0290332 0 P 0
L 101.34341936 63.55806186 103.87993448 61.08069826 0 P 0
