UNITS=MM
#Layer_Color=8388736
#
#Feature symbol names
#
$0 r254
$1 r199.9996
$2 r179.99964
$3 r149.9997
$4 r2599.99988
$5 r2500.00008

#
#Feature attribute names
#
@0 .geometry
@1 .pad_usage

#
#Feature attribute text strings
#
&0 Pad_Simple_X2400.0003Y2400.0003H2400.0003C2400.0054
&1 Pad_Simple_X2300.0005Y2300.0005H2300.0005C2300.0056

#
#Layer features
#
A 95.88957454 85.7875348 95.88957454 85.7875348 95.56387034 85.7875348 0 P 0 N
A 98.8386009 82.94777416 98.8386009 82.94777416 98.5128967 82.94777416 0 P 0 N
A 98.9235385 80.85698586 98.91132364 81.50680676 98.93931444 81.18230652 1 P 0 N
A 100.09334566 85.8520508 100.09334566 85.8520508 99.76764146 85.8520508 0 P 0 N
A 102.49938606 82.23303848 102.49938606 82.23303848 102.17368186 82.23303848 0 P 0 N
A 102.57805494 80.88505794 102.56584008 81.53487884 102.59383088 81.2103786 1 P 0 N
A 107.31146178 85.6730824 107.31146178 85.6730824 106.98575758 85.6730824 0 P 0 N
A 109.3942694 90.1021058 109.38205454 89.4522849 109.3662786 89.77760556 1 P 0 N
A 110.15497146 91.4992836 110.15497146 91.4992836 109.82926726 91.4992836 0 P 0 N
A 114.43016738 86.17020104 114.43016738 86.17020104 114.10446318 86.17020104 0 P 0 N
L 90.93248006 91.1296755 91.01503006 91.52760714 2 P 0
L 90.93248006 91.1296755 93.13093642 91.53113774 2 P 0
L 91.01503006 91.52760714 92.97188924 91.86156888 2 P 0
L 91.2288117 92.64150636 91.22881424 95.3444753 2 P 0
L 91.2288117 92.64150636 91.77702498 92.64362218 2 P 0
L 91.22881424 95.3444753 92.10458338 95.34448038 2 P 0
L 91.7749117 94.88411554 91.77491424 94.11787628 2 P 0
L 91.7749117 94.88411554 92.03843416 94.88569288 2 P 0
L 91.77491424 94.11787628 92.07283338 94.11787628 2 P 0
L 91.77702498 92.64362218 91.77702752 93.66279464 2 P 0
L 91.77702752 93.66279464 92.13262752 93.66278448 2 P 0
L 92.03843416 94.88569288 92.43108006 94.86770714 2 P 0
L 92.07283338 94.11787628 92.34251026 94.12826234 2 P 0
L 92.10458338 95.34448038 92.51567984 95.3340232 2 P 0
L 92.13262752 93.66278448 92.6988367 93.70194112 2 P 0
L 92.34251026 94.12826234 92.50463084 94.1596796 2 P 0
L 92.43108006 94.86770714 92.55068612 94.82635594 2 P 0
L 92.50463084 94.1596796 92.60026692 94.21299674 2 P 0
L 92.51567984 95.3340232 92.75333748 95.30372862 2 P 0
L 92.55068612 94.82635594 92.65014998 94.74811124 2 P 0
L 92.60026692 94.21299674 92.67555252 94.29250128 2 P 0
L 92.65014998 94.74811124 92.71679704 94.63441322 2 P 0
L 92.67555252 94.29250128 92.7225476 94.39360598 2 P 0
L 92.6988367 93.70194112 92.8466774 93.75150922 2 P 0
L 92.71679704 94.63441322 92.73693416 94.5041671 2 P 0
L 92.7225476 94.39360598 92.73693416 94.5041671 2 P 0
L 92.75333748 95.30372862 92.97063956 95.20465338 2 P 0
L 92.8466774 93.75150922 92.98140916 93.8300003 2 P 0
L 92.97063956 95.20465338 93.14280838 95.03914698 2 P 0
L 92.97188924 91.86156888 94.93895922 92.12393564 2 P 0
L 92.98140916 93.8300003 93.11210486 93.94852178 2 P 0
L 93.11210486 93.94852178 93.21107088 94.09458448 2 P 0
L 93.13093642 91.53113774 95.42529302 91.8748099 2 P 0
L 93.14280838 95.03914698 93.26653178 94.7895361 2 P 0
L 93.21107088 94.09458448 93.28217818 94.29827978 2 P 0
L 93.26653178 94.7895361 93.3015533 94.51315616 2 P 0
L 93.28217818 94.29827978 93.3015533 94.51315616 2 P 0
L 93.40633846 94.01680206 93.42959216 93.73918514 2 P 0
L 93.40633846 94.01680206 93.44669652 94.3590823 2 P 0
L 93.42959216 93.73918514 93.49987142 93.48842872 2 P 0
L 93.44669652 94.3590823 93.57673436 94.6782587 2 P 0
L 93.49987142 93.48842872 93.61718132 93.26452264 2 P 0
L 93.57673436 94.6782587 93.7887507 94.94499934 2 P 0
L 93.61718132 93.26452264 93.78151932 93.06747706 2 P 0
L 93.78151932 93.06747706 93.9822733 92.9068119 2 P 0
L 93.7887507 94.94499934 94.06462264 95.14498116 2 P 0
L 93.88682264 94.01468624 93.90030496 94.18196302 2 P 0
L 93.88682264 94.01468624 93.91084596 93.78631992 2 P 0
L 93.90030496 94.18196302 93.94723654 94.34128706 2 P 0
L 93.91084596 93.78631992 93.99265682 93.5717712 2 P 0
L 93.94723654 94.34128706 94.02562094 94.4877206 2 P 0
L 93.9822733 92.9068119 94.2088159 92.79204454 2 P 0
L 93.99265682 93.5717712 94.12642592 93.39801742 2 P 0
L 94.02562094 94.4877206 94.13341346 94.61634366 2 P 0
L 94.06462264 95.14498116 94.39387268 95.2763906 2 P 0
L 94.12642592 93.39801742 94.30380682 93.26908956 2 P 0
L 94.13341346 94.61634366 94.26442666 94.72309732 2 P 0
L 94.2088159 92.79204454 94.46116744 92.72318768 2 P 0
L 94.26442666 94.72309732 94.41270424 94.80062574 2 P 0
L 94.30380682 93.26908956 94.51783992 93.18664116 2 P 0
L 94.39387268 95.2763906 94.74566268 95.32013702 2 P 0
L 94.41270424 94.80062574 94.57347862 94.84699344 2 P 0
L 94.46116744 92.72318768 94.73931014 92.7002337 2 P 0
L 94.51783992 93.18664116 94.7456576 93.16008292 2 P 0
L 94.57347862 94.84699344 94.74195428 94.8602878 2 P 0
L 94.59829696 81.915 94.59829696 82.95103552 0 P 0
L 94.59829696 82.95103552 95.58129728 83.93403584 0 P 0
L 94.73931014 92.7002337 95.02797352 92.7247955 2 P 0
L 94.74195428 94.8602878 94.94985328 94.83793072 2 P 0
L 94.7456576 93.16008292 94.94149668 93.17797722 2 P 0
L 94.74566268 95.32013702 95.05343956 95.28755898 2 P 0
L 94.93895922 92.12393564 96.9142842 92.31449914 2 P 0
L 94.94149668 93.17797722 95.12930682 93.23628038 2 P 0
L 94.94985328 94.83793072 95.14755926 94.77086456 2 P 0
L 95.02797352 92.7247955 95.30604256 92.80606788 2 P 0
L 95.05343956 95.28755898 95.34732264 95.19049542 2 P 0
L 95.12930682 93.23628038 95.33140954 93.359224 2 P 0
L 95.14755926 94.77086456 95.33508492 94.65907408 2 P 0
L 95.30604256 92.80606788 95.58624266 92.96829768 2 P 0
L 95.33140954 93.359224 95.50977596 93.5146212 2 P 0
L 95.33508492 94.65907408 95.51242264 94.50257452 2 P 0
L 95.34732264 95.19049542 95.61776914 95.0331729 2 P 0
L 95.42529302 91.8748099 96.62158984 92.01589674 2 P 0
L 95.50977596 93.5146212 95.8315076 93.17966124 2 P 0
L 95.51242264 94.50257452 95.84685174 94.82007706 2 P 0
L 95.58129728 83.93403584 95.58129728 85.42673288 0 P 0
L 95.58624266 92.96829768 95.8315076 93.17966124 2 P 0
L 95.61776914 95.0331729 95.84685174 94.82007706 2 P 0
L 95.9717283 95.38047472 95.97173084 92.63621046 2 P 0
L 95.9717283 95.38047472 96.9416908 95.38047472 2 P 0
L 95.97173084 92.63621046 97.07080154 92.63621808 2 P 0
L 96.62158984 92.01589674 97.85766052 92.13165724 2 P 0
L 96.65593318 93.13785284 96.65593572 93.82577628 2 P 0
L 96.65593318 93.13785284 96.69350994 93.13785538 2 P 0
L 96.65593572 93.82577628 96.7834742 93.82578136 2 P 0
L 96.65805154 94.29461456 96.65805408 94.8766962 2 P 0
L 96.65805154 94.29461456 96.74537166 94.29461456 2 P 0
L 96.65805408 94.8766962 96.70621502 94.8767089 2 P 0
L 96.69350994 93.13785538 97.06393084 93.1415587 2 P 0
L 96.70621502 94.8767089 96.98349666 94.87406222 2 P 0
L 96.74537166 94.29461456 96.9930242 94.29832042 2 P 0
L 96.7834742 93.82578136 97.07715916 93.82313468 2 P 0
L 96.9142842 92.31449914 98.89589822 92.433013 2 P 0
L 96.9416908 95.38047472 97.39994998 95.35719054 2 P 0
L 96.98349666 94.87406222 97.14489334 94.8412505 2 P 0
L 96.9930242 94.29832042 97.13960252 94.33694874 2 P 0
L 97.06393084 93.1415587 97.27559412 93.19130206 2 P 0
L 97.07080154 92.63621808 97.30777846 92.64705118 2 P 0
L 97.07715916 93.82313468 97.24966834 93.79614718 2 P 0
L 97.13960252 94.33694874 97.25389998 94.44278546 2 P 0
L 97.14489334 94.8412505 97.25072752 94.74018136 2 P 0
L 97.24966834 93.79614718 97.40471502 93.68714308 2 P 0
L 97.25072752 94.74018136 97.28459334 94.60365636 2 P 0
L 97.25389998 94.44278546 97.28512166 94.60153038 2 P 0
L 97.27559412 93.19130206 97.35430364 93.2391074 2 P 0
L 97.28459334 94.60365636 97.28512166 94.60153038 2 P 0
L 97.30777846 92.64705118 97.5412324 92.6891339 2 P 0
L 97.35430364 93.2391074 97.41264998 93.3103671 2 P 0
L 97.39994998 95.35719054 97.69205252 95.26088136 2 P 0
L 97.40471502 93.68714308 97.44686886 93.59182958 2 P 0
L 97.41264998 93.3103671 97.4560408 93.4876337 2 P 0
L 97.44686886 93.59182958 97.45763084 93.48817218 2 P 0
L 97.4560408 93.4876337 97.45763084 93.48817218 2 P 0
L 97.5412324 92.6891339 97.72018048 92.75880356 2 P 0
L 97.60737146 94.1395755 97.6073867 94.15387062 2 P 0
L 97.60737146 94.1395755 97.82840734 94.06256524 2 P 0
L 97.6073867 94.15387062 97.76389896 94.24806144 2 P 0
L 97.69205252 95.26088136 97.8174955 95.17104156 2 P 0
L 97.72018048 92.75880356 97.88201658 92.8621714 2 P 0
L 97.76389896 94.24806144 97.8846658 94.3851173 2 P 0
L 97.8174955 95.17104156 97.91218416 95.04921554 2 P 0
L 97.82840734 94.06256524 98.01483318 93.92102882 2 P 0
L 97.85766052 92.13165724 99.13876286 92.2184592 2 P 0
L 97.88201658 92.8621714 98.00053552 92.97841958 2 P 0
L 97.8846658 94.3851173 97.9610055 94.55664604 2 P 0
L 97.91218416 95.04921554 97.9682318 94.90068142 2 P 0
L 97.9610055 94.55664604 97.98520916 94.74283312 2 P 0
L 97.9682318 94.90068142 97.98520916 94.74283312 2 P 0
L 98.00053552 92.97841958 98.08997654 93.11828468 2 P 0
L 98.01483318 93.92102882 98.0746451 93.83232948 2 P 0
L 98.0746451 93.83232948 98.10716726 93.73053136 2 P 0
L 98.08997654 93.11828468 98.12609026 93.2885485 2 P 0
L 98.10716726 93.73053136 98.1233115 93.48287628 2 P 0
L 98.1233115 93.48287628 98.1233115 93.48499972 2 P 0
L 98.1233115 93.48499972 98.12609026 93.2885485 2 P 0
L 98.1577158 95.38681456 98.85251248 92.64150382 2 P 0
L 98.1577158 95.38681456 98.87314744 95.38681202 2 P 0
L 98.49388988 77.99964842 98.49388988 82.53233684 0 P 0
L 98.49388988 77.99964842 99.40418778 77.08935052 0 P 0
L 98.85251248 92.64150382 99.6102783 92.64150382 2 P 0
L 98.87314744 95.38681202 99.25150584 93.54690206 2 P 0
L 98.89589822 92.433013 100.88882286 92.45082094 2 P 0
L 98.89649004 78.24384656 98.89649004 80.86544152 3 P 0
L 98.89649004 78.24384656 99.81094846 77.32938814 3 P 0
L 99.13876286 92.2184592 100.4701572 92.27267296 2 P 0
L 99.25150584 93.54690206 99.7124117 95.3868171 2 P 0
L 99.38233362 72.40570228 99.38233362 72.42629914 0 P 0
L 99.38783272 72.98200034 99.38783272 73.11319896 0 P 0
L 99.3947339 73.66569722 99.3947339 73.99729676 0 P 0
L 99.4005886 74.51145372 99.40199068 75.22745432 0 P 0
L 99.40418778 75.78145118 99.40418778 77.08935052 0 P 0
L 99.6102783 92.64150382 100.03625154 94.33906964 2 P 0
L 99.7124117 95.3868171 100.39661404 95.38681456 2 P 0
L 99.80158856 70.97266476 99.81094846 76.88769992 3 P 0
L 99.81094846 76.88769992 99.81094846 77.32938814 3 P 0
L 99.87408778 85.47793166 100.62948632 84.72253312 0 P 0
L 100.03625154 94.33906964 100.47705076 92.64150382 2 P 0
L 100.39661404 95.38681456 100.833174 93.54426046 2 P 0
L 100.4701572 92.27267296 102.003987 92.27097116 2 P 0
L 100.47705076 92.64150382 101.23375232 92.64150382 2 P 0
L 100.62948632 80.99123756 100.62948632 84.72253312 0 P 0
L 100.62948632 80.99123756 102.14778402 79.47293986 0 P 0
L 100.833174 93.54426046 101.23375232 95.38681202 2 P 0
L 100.88882286 92.45082094 102.67433618 92.38142052 2 P 0
L 101.23375232 92.64150382 101.92855154 95.38682472 2 P 0
L 101.23375232 95.38681202 101.92855154 95.38682472 2 P 0
L 101.77615154 93.23575968 101.7955038 93.42770494 2 P 0
L 101.77615154 93.23575968 101.81937726 92.9848915 2 P 0
L 101.7955038 93.42770494 101.8687574 93.60618312 2 P 0
L 101.81937726 92.9848915 101.9576574 92.77115558 2 P 0
L 101.8687574 93.60618312 101.98529006 93.73716076 2 P 0
L 101.9512947 94.66768214 101.95131248 94.16815558 2 P 0
L 101.9512947 94.66768214 102.26085974 94.7333005 2 P 0
L 101.95131248 94.16815558 102.0042156 94.16815304 2 P 0
L 101.9576574 92.77115558 102.16684164 92.63159782 2 P 0
L 101.98529006 93.73716076 102.13333396 93.83107726 2 P 0
L 102.003987 92.27097116 103.3352645 92.19713844 2 P 0
L 102.0042156 94.16815304 102.30319392 94.27398976 2 P 0
L 102.13333396 93.83107726 102.33828402 93.90642636 2 P 0
L 102.14778402 77.46474982 102.14778402 81.90904116 0 P 0
L 102.14778402 77.46474982 103.2683355 76.34419834 0 P 0
L 102.16684164 92.63159782 102.41432146 92.58700812 2 P 0
L 102.26085974 94.7333005 102.6926572 94.77086964 2 P 0
L 102.30319392 94.27398976 102.57094548 94.31525968 2 P 0
L 102.33828402 93.90642636 102.55243904 93.94908058 2 P 0
L 102.41432146 92.58700812 102.61952806 92.60294662 2 P 0
L 102.43179666 93.29027062 102.45157564 93.16743622 2 P 0
L 102.43179666 93.29027062 102.4788908 93.449013 2 P 0
L 102.45157564 93.16743622 102.5106408 93.09024054 2 P 0
L 102.4788908 93.449013 102.61065076 93.5384464 2 P 0
L 102.5106408 93.09024054 102.62205536 93.04659064 2 P 0
L 102.55243904 93.94908058 103.07631658 94.0019964 2 P 0
L 102.55428308 77.61234922 102.55428308 80.86224366 3 P 0
L 102.55428308 77.61234922 103.64394816 76.52268414 3 P 0
L 102.57094548 94.31525968 102.76407946 94.30417766 2 P 0
L 102.61065076 93.5384464 102.81015252 93.585538 2 P 0
L 102.61952806 92.60294662 102.8127865 92.67378722 2 P 0
L 102.62205536 93.04659064 102.74135662 93.03732726 2 P 0
L 102.67433618 92.38142052 104.37760176 92.2393888 2 P 0
L 102.6926572 94.77086964 103.15501848 94.72615802 2 P 0
L 102.74135662 93.03732726 102.9149199 93.07595304 2 P 0
L 102.76407946 94.30417766 102.9498322 94.25017726 2 P 0
L 102.81015252 93.585538 103.07473416 93.614113 2 P 0
L 102.8127865 92.67378722 102.95354568 92.76216144 2 P 0
L 102.9149199 93.07595304 103.07367498 93.18178722 2 P 0
L 102.9498322 94.25017726 103.04873472 94.15067276 2 P 0
L 102.95354568 92.76216144 103.07260818 92.8621714 2 P 0
L 103.04873472 94.15067276 103.07630134 94.01310636 2 P 0
L 103.07260818 92.8621714 103.07471384 92.8637589 2 P 0
L 103.07367498 93.18178722 103.07470876 93.18126144 2 P 0
L 103.07470876 93.18126144 103.07473416 93.614113 2 P 0
L 103.07471384 92.8637589 103.07473416 92.64414796 2 P 0
L 103.07473416 92.64414796 103.7165947 92.6441505 2 P 0
L 103.07630134 94.01310636 103.07631658 94.0019964 2 P 0
L 103.15501848 94.72615802 103.33172374 94.67065902 2 P 0
L 103.2683355 73.31092272 103.2683355 76.34419834 0 P 0
L 103.2817594 63.28925366 103.2817594 63.30985052 0 P 0
L 103.2872585 63.86555172 103.2872585 63.99675034 0 P 0
L 103.29415968 64.5492486 103.29415968 64.88084814 0 P 0
L 103.30001438 65.3950051 103.30141646 66.1110057 0 P 0
L 103.32236892 68.49495826 103.32238162 66.63116976 0 P 0
L 103.33172374 94.67065902 103.47211716 94.59306964 2 P 0
L 103.3352645 92.19713844 106.02375798 91.96840382 2 P 0
L 103.47211716 94.59306964 103.57907656 94.49262788 2 P 0
L 103.57907656 94.49262788 103.65547722 94.3685692 2 P 0
L 103.64394816 73.6339396 103.64394816 76.52268414 3 P 0
L 103.65547722 94.3685692 103.70131152 94.22089614 2 P 0
L 103.6864703 62.84853318 103.6864703 68.08170534 3 P 0
L 103.6869656 94.7121296 104.36535388 94.71213468 2 P 0
L 103.6869656 94.7121296 104.4473781 92.68912628 2 P 0
L 103.70131152 94.22089614 103.71659216 94.04961632 2 P 0
L 103.71659216 94.04961632 103.7165947 92.6441505 2 P 0
L 104.13305056 91.88162472 104.4473781 92.68912628 2 P 0
L 104.13305056 91.88162472 104.8267906 91.88162472 2 P 0
L 104.36535388 94.71213468 104.80085466 93.4114464 2 P 0
L 104.37760176 92.2393888 106.12377556 92.03930792 2 P 0
L 104.65084988 73.89792688 104.65084988 75.3774337 0 P 0
L 104.65261518 77.93419262 104.65261518 81.98487794 0 P 0
L 104.65261518 81.98487794 106.89307298 84.22533574 0 P 0
L 104.80085466 93.4114464 105.20884216 94.71213722 2 P 0
L 104.8267906 91.88162472 105.87189138 94.71213976 2 P 0
L 104.87401936 61.94215958 104.87401936 61.96275644 0 P 0
L 104.87951846 62.51845764 104.87951846 62.64965626 0 P 0
L 104.88641964 63.20215452 104.88641964 63.53375406 0 P 0
L 104.89227434 64.04791102 104.89367642 64.76391162 0 P 0
L 104.89297792 65.39227206 104.89297792 67.71099488 0 P 0
L 105.20884216 94.71213722 105.87189138 94.71213976 2 P 0
L 106.02375798 91.96840382 106.12377556 92.03930792 2 P 0
L 106.89307298 84.22533574 106.89307298 85.29873212 0 P 0
L 109.40936716 88.43172814 109.40936716 89.40732436 3 P 0
L 109.40936716 88.43172814 110.34546638 87.49562892 3 P 0
L 109.77646828 88.5999244 109.77646828 91.04582248 0 P 0
L 109.77646828 88.5999244 110.6513662 87.72502648 0 P 0
L 109.77646828 91.04582248 109.8163666 91.0857208 0 P 0
L 110.34546638 83.45773758 110.34546638 87.49562892 3 P 0
L 110.6513662 83.5095358 110.6513662 87.72502648 0 P 0
L 113.2357146 82.15342218 113.2357146 84.20489128 0 P 0
L 113.2357146 84.20489128 114.05156006 85.02073674 0 P 0
L 114.05156006 85.02073674 114.05156006 85.75643504 0 P 0
P 95.123 97.536 4 P 0 0 ;0=0,1=0
P 105.67087578 70.8381616 5 P 0 0 ;0=1,1=0
P 111.01233068 67.80984914 5 P 0 0 ;0=1,1=0
P 111.02776626 76.69405032 5 P 0 0 ;0=1,1=0
S P 0
OB 101.9031871 95.28660648 I
OS 101.25815918 92.73792222
OS 100.47705076 92.64150382
OS 100.0870871 94.14331438
OS 99.6102783 92.64150382
OS 98.8314508 92.724732
OS 98.18308024 95.28659632
OS 98.2610938 95.38681456
OS 98.87314744 95.38681202
OS 99.28372828 93.67554036
OS 99.7124117 95.3868171
OS 100.39661404 95.38681456
OS 100.855399 93.64649546
OS 101.23375232 95.38681202
OS 101.82517354 95.38682218
OS 101.9031871 95.28660648
OE
SE
S P 0
OB 103.61727816 94.430596 I
OS 103.71659216 92.75830572
OS 103.18741872 92.6441505
OS 103.01308074 92.81216388
OS 102.71616236 92.63836438
OS 102.29058282 92.60929916
OS 101.88851606 92.87802608
OS 101.7977644 93.11032686
OS 101.927025 93.6716694
OS 102.2358128 93.86875054
OS 102.70726474 93.96471428
OS 103.06252438 94.0818921
OS 102.86238762 94.26866084
OS 102.4370697 94.29462472
OS 102.07542958 94.19504656
OS 101.97240464 94.26931362
OS 101.9560572 94.57780678
OS 102.04119038 94.6720484
OS 103.15501848 94.72615802
OS 103.61727816 94.430596
OE
OB 103.07473416 93.614113 H
OS 102.46988904 93.56577934
OS 102.44168742 93.22885088
OS 102.56635062 93.06841432
OS 102.8281408 93.05664142
OS 103.07419314 93.18152306
OS 103.07473416 93.614113
OE
SE
S P 0
OB 105.833418 94.60793626 I
OS 104.8267906 91.88162472
OS 104.24554716 91.88162472
OS 104.1738582 91.98645814
OS 104.4473781 92.68912628
OS 103.72621114 94.60771782
OS 103.7985097 94.71213468
OS 104.36535388 94.71213468
OS 104.80085466 93.4114464
OS 105.20884216 94.71213722
OS 105.7608121 94.71213976
OS 105.833418 94.60793626
OE
SE
S P 0
OB 91.4258903 95.34447276 I
OS 92.31013034 95.33925052
OS 92.8619936 95.25418846
OS 93.20467008 94.91434154
OS 93.29186828 94.40571924
OS 93.16158914 94.02154932
OS 92.6988367 93.70194112
OS 91.77702752 93.66279464
OS 91.77702498 92.64362218
OS 91.31878866 92.64185434
OS 91.2288117 92.73148332
OS 91.22881424 95.25467106
OS 91.31861848 95.3444753
OS 91.4258903 95.34447276
OE
OB 91.7749117 94.88411554 H
OS 91.77491424 94.11787628
OS 92.42356928 94.14397224
OS 92.69905006 94.3430549
OS 92.68347732 94.69126096
OS 92.49088436 94.847029
OS 91.7749117 94.88411554
OE
SE
S P 0
OB 95.2003811 95.2390272 I
OS 95.61776914 95.0331729
OS 95.77895754 94.88323416
OS 95.77960524 94.75623416
OS 95.51242264 94.50257452
OS 94.84590632 94.84910926
OS 94.26442666 94.72309732
OS 93.92377456 94.2616225
OS 93.8988343 93.90050562
OS 94.12642592 93.39801742
OS 94.5361584 93.20012856
OS 94.94149668 93.17797722
OS 95.33140954 93.359224
OS 95.50977596 93.5146212
OS 95.76167792 93.25236112
OS 95.74596294 93.12633648
OS 95.16701058 92.76543296
OS 94.73931014 92.7002337
OS 94.09554714 92.84943076
OS 93.78151932 93.06747706
OS 93.55852764 93.37648076
OS 93.40633846 94.01680206
OS 93.44484486 94.34333938
OS 93.83272064 95.00798118
OS 94.56976768 95.29826508
OS 95.2003811 95.2390272
OE
SE
S P 0
OB 97.39994998 95.35719054 I
OS 97.86483856 95.11012982
OS 97.97310352 94.64973704
OS 97.6856441 94.2009673
OS 97.71789448 94.1010691
OS 98.04473914 93.87667788
OS 98.1197555 93.53739484
OS 98.0452573 93.04835086
OS 97.6307039 92.72396746
OS 96.06387696 92.64108472
OS 95.97173084 92.72848358
OS 95.9717283 95.38047472
OS 96.9416908 95.38047472
OS 97.39994998 95.35719054
OE
OB 96.68213582 94.87669874 H
OS 96.65805154 94.29461456
OS 97.06631082 94.31763458
OS 97.19675252 94.38986202
OS 97.26765916 94.67191886
OS 97.1978117 94.7907172
OS 96.98349666 94.87406222
OS 96.68213582 94.87669874
OE
OB 96.71970496 93.82577882 H
OS 96.67472664 93.13785538
OS 97.06393084 93.1415587
OS 97.31494888 93.21520346
OS 97.43434158 93.39899786
OS 97.42579194 93.63948506
OS 97.16341502 93.8096422
OS 96.71970496 93.82577882
OE
SE
