UNITS=MM
#Layer_Physical_Order=2
#Layer_Color=16711680
#
#Feature symbol names
#
$0 rect950.00064x800.00094
$1 rect800.00094x950.00064
$2 rect1100.00034x599.9988
$3 rect1000.00054x700.00114
$4 rect700.00114x1000.00054
$5 rect399.9992x1599.99934
$6 rect399.9992x1599.99934_315
$7 rect399.9992x1599.99934_135
$8 s3200.00122
$9 r203.2
$10 r254
$11 r499.999
$12 r2400.00028
$13 r2300.00048

#
#Feature attribute names
#
@0 .geometry
@1 .pad_usage
@2 .smd

#
#Feature attribute text strings
#
&0 SMD_RoundX950.0006Y800.0009
&1 SMD_RoundX800.0009Y950.0006
&2 SMD_RoundX1100.0003Y599.9988
&3 SMD_RoundX1000.0005Y700.0011
&4 SMD_RoundX700.0011Y1000.0005
&5 SMD_RoundX399.9992Y1599.9993
&6 SMD_RoundX3200.0012Y3200.0012
&7 Pad_Simple_X2400.0003Y2400.0003H2400.0003C2400.0054
&8 Pad_Simple_X2300.0005Y2300.0005H2300.0005C2300.0056

#
#Layer features
#
L 77.14382844 83.21894964 77.17495106 83.38569302 9 P 0
L 77.14382844 83.21894964 80.10135364 81.3115849 9 P 0
L 77.14383098 75.95231444 77.17497138 75.78546946 9 P 0
L 77.14383098 75.95231444 80.1013511 77.85967918 9 P 0
L 77.17305876 83.20009776 85.25489934 83.20009776 9 P 0
L 77.17495106 83.38569302 77.25452164 83.76941844 9 P 0
L 77.17497138 75.78546946 77.25452164 75.4018431 9 P 0
L 77.21791008 76.0000893 85.09957834 76.0000893 9 P 0
L 77.25452164 75.4018431 77.34177572 75.0195604 9 P 0
L 77.25452164 83.76941844 77.34177318 84.1516986 9 P 0
L 77.30057184 75.20008836 88.85606054 75.20008836 9 P 0
L 77.3071733 84.0000987 85.4927805 84.0000987 9 P 0
L 77.34177318 84.1516986 77.43659646 84.53202042 9 P 0
L 77.34177572 75.0195604 77.4365609 74.63937574 9 P 0
L 77.4365609 74.63937574 77.4808839 74.47558638 9 P 0
L 77.43659646 84.53202042 77.48088644 84.6956777 9 P 0
L 77.4808839 74.47558638 80.9730918 74.04033198 9 P 0
L 77.48088644 84.6956777 80.9730918 85.1309321 9 P 0
L 77.60009118 74.46072992 77.60009118 76.24656582 9 P 0
L 77.60009118 82.92469826 77.60009118 84.71053416 9 P 0
L 78.08664088 74.40008742 87.11521058 74.40008742 9 P 0
L 78.3187029 84.80009964 88.77915696 84.80009964 9 P 0
L 78.40009212 74.36101968 78.40009212 76.76250332 9 P 0
L 78.40009212 82.40876076 78.40009212 84.8102444 9 P 0
L 78.41352618 82.40009682 85.08606808 82.40009682 9 P 0
L 78.45837496 76.80009024 84.91366304 76.80009024 9 P 0
L 79.20009306 74.26131198 79.20009306 77.27844082 9 P 0
L 79.20009306 81.8928258 79.20009306 84.9099521 9 P 0
L 79.6539936 81.60009588 84.91723682 81.60009588 9 P 0
L 79.69883984 77.60009118 84.7277452 77.60009118 9 P 0
L 80.000094 74.16160174 80.000094 77.79437578 9 P 0
L 80.000094 81.3768883 80.000094 85.00966234 9 P 0
L 80.13545568 77.88327324 80.1979727 77.92959268 9 P 0
L 80.13547092 81.28798068 80.1979854 81.2416587 9 P 0
L 80.29014168 78.0129123 80.3946703 78.1277457 9 P 0
L 80.29014168 81.15834924 80.3946703 81.04351584 9 P 0
L 80.3946703 78.1277457 80.43744644 78.19876918 9 P 0
L 80.3946703 81.04351584 80.43744644 80.97249236 9 P 0
L 80.43744644 78.19876918 80.48927514 78.26348584 9 P 0
L 80.43744644 80.97249236 80.48927514 80.9077757 9 P 0
L 80.48927514 78.26348584 80.56083202 78.40129862 9 P 0
L 80.48927514 80.9077757 80.56083202 80.76996292 9 P 0
L 80.54518562 80.80009494 85.0473407 80.80009494 9 P 0
L 80.56020464 78.40009212 84.5688682 78.40009212 9 P 0
L 80.56083202 78.40129862 80.5839511 78.48092254 9 P 0
L 80.56083202 80.76996292 80.5839511 80.690339 9 P 0
L 80.5839511 78.48092254 80.61743084 78.55676186 9 P 0
L 80.5839511 80.690339 80.61743084 80.61449968 9 P 0
L 80.61743084 78.55676186 80.65122554 78.70832366 9 P 0
L 80.61743084 80.61449968 80.65122554 80.46293788 9 P 0
L 80.63375796 67.92857636 80.73416416 67.79182022 9 P 0
L 80.63375796 67.92857636 82.47081804 70.93026962 9 P 0
L 80.63375796 91.24268772 80.73417432 91.37945402 9 P 0
L 80.63375796 91.24268772 82.47081804 88.24099446 9 P 0
L 80.65521334 79.42685918 80.65521334 79.74439982 9 P 0
L 80.65521334 79.42685918 80.66158366 79.10954206 9 P 0
L 80.65521334 79.74439982 80.66158366 80.06171948 9 P 0
L 80.65976502 79.20009306 85.15535674 79.20009306 9 P 0
L 80.65981836 91.20010716 89.95649776 91.20010716 9 P 0
L 80.66034668 80.000094 92.92189188 80.000094 9 P 0
L 80.66158366 79.10954206 80.66795906 78.9509089 9 P 0
L 80.66158366 80.06171948 80.66795906 80.22035772 9 P 0
L 80.66635378 78.83163304 80.6682791 78.909418 9 P 0
L 80.66635378 80.3396285 80.6682791 80.26184862 9 P 0
L 80.67751962 68.0000799 94.45746412 68.0000799 9 P 0
L 80.73416416 67.79182022 80.97233996 67.48063212 9 P 0
L 80.73417432 91.37945402 80.9723552 91.6906472 9 P 0
L 80.80009494 67.70567866 80.80009494 68.20036652 9 P 0
L 80.80009494 74.06189404 80.80009494 85.10937004 9 P 0
L 80.80009494 90.97089756 80.80009494 91.46558288 9 P 0
L 80.97233996 67.48063212 81.21676416 67.1741354 9 P 0
L 80.9723552 91.6906472 81.21676416 91.99712614 9 P 0
L 81.01406708 85.1373964 81.0904906 85.15200648 9 P 0
L 81.0140874 74.03386514 81.09051092 74.01925252 9 P 0
L 81.14942368 90.40010622 90.33946626 90.40010622 9 P 0
L 81.16712494 68.80008084 90.79328298 68.80008084 9 P 0
L 81.19607586 67.20007896 82.93163246 67.20007896 9 P 0
L 81.20966232 73.98418528 81.35366508 73.92608024 9 P 0
L 81.20966232 85.18707626 81.35366254 85.2451813 9 P 0
L 81.21676416 67.1741354 81.46722086 66.87260438 9 P 0
L 81.21676416 91.99712614 81.46721832 92.29865462 9 P 0
L 81.21924066 92.0001081 82.84572712 92.0001081 9 P 0
L 81.35366254 85.2451813 81.42303502 85.29061682 9 P 0
L 81.35366508 73.92608024 81.42303502 73.88064472 9 P 0
L 81.42303502 73.88064472 81.4978177 73.84481802 9 P 0
L 81.42303502 85.29061682 81.4978177 85.32644352 9 P 0
L 81.46721832 92.29865462 81.57816298 92.4269297 9 P 0
L 81.46722086 66.87260438 81.57816298 66.7443293 9 P 0
L 81.4978177 73.84481802 81.62207958 73.75169908 9 P 0
L 81.4978177 85.32644352 81.62207958 85.41956246 9 P 0
L 81.57816298 66.7443293 84.91338364 67.86738776 9 P 0
L 81.57816298 92.4269297 84.91338364 91.30387378 9 P 0
L 81.60009588 66.75171562 81.60009588 69.50753942 9 P 0
L 81.60009588 73.76817352 81.60009588 85.40308802 9 P 0
L 81.60009588 89.66372466 81.60009588 92.41954338 9 P 0
L 81.62207958 73.75169908 81.6774465 73.6899974 9 P 0
L 81.62207958 85.41956246 81.67744142 85.48125652 9 P 0
L 81.63903154 89.60010528 90.72243222 89.60010528 9 P 0
L 81.6567328 69.60008178 89.65741022 69.60008178 9 P 0
L 81.67744142 85.48125652 81.7405147 85.53506134 9 P 0
L 81.6774465 73.6899974 81.74051216 73.6362002 9 P 0
L 81.74051216 73.6362002 81.83672482 73.51431068 9 P 0
L 81.7405147 85.53506134 81.83672482 85.65695086 9 P 0
L 81.76901858 73.60008648 86.03635828 73.60008648 9 P 0
L 81.79185064 85.60010058 86.93889648 85.60010058 9 P 0
L 81.9038621 73.40976428 81.93934336 73.34052134 9 P 0
L 81.9038621 85.76149726 81.93934336 85.8307402 9 P 0
L 81.95705224 73.30301062 82.02008488 73.15744068 9 P 0
L 81.95705224 85.86825092 82.02012552 86.0139123 9 P 0
L 82.02008488 73.15744068 82.15209884 72.86861474 9 P 0
L 82.02012552 86.0139123 82.15209884 86.3026468 9 P 0
L 82.1286394 88.80010434 88.06605958 88.80010434 9 P 0
L 82.14634066 70.40008272 89.78680798 70.40008272 9 P 0
L 82.15209884 72.86861474 82.28984304 72.58258788 9 P 0
L 82.15209884 86.3026468 82.28982018 86.5886254 9 P 0
L 82.18510106 72.80008554 86.270846 72.80008554 9 P 0
L 82.19903042 86.40010152 86.37886712 86.40010152 9 P 0
L 82.28982018 86.5886254 82.43333526 86.871937 9 P 0
L 82.28984304 72.58258788 82.43327938 72.2994363 9 P 0
L 82.40009682 67.02109532 82.40009682 70.81471232 9 P 0
L 82.40009682 72.36494036 82.40009682 86.80632118 9 P 0
L 82.40009682 88.35655176 82.40009682 92.15016368 9 P 0
L 82.43327938 72.2994363 82.50785124 72.15927402 9 P 0
L 82.43333526 86.871937 82.50785632 87.01200022 9 P 0
L 82.491326 70.96635794 82.52754894 71.03521734 9 P 0
L 82.49132854 88.20489852 82.52755148 88.13603658 9 P 0
L 82.52614178 87.04923662 82.5581534 87.12015088 9 P 0
L 82.5261494 72.12201476 82.55816102 72.05109542 9 P 0
L 82.56997964 72.0000846 86.96831984 72.0000846 9 P 0
L 82.5744221 71.15024124 82.61877558 71.29905476 9 P 0
L 82.5744221 88.0210203 82.61877558 87.87220678 9 P 0
L 82.58065526 88.0001034 87.41215182 88.0001034 9 P 0
L 82.58092704 87.20010246 86.7662476 87.20010246 9 P 0
L 82.58927856 71.20008366 87.66579368 71.20008366 9 P 0
L 82.59802124 71.9334604 82.6333374 71.78224404 9 P 0
L 82.59802378 87.23780114 82.6333374 87.3890175 9 P 0
L 82.61877558 71.29905476 82.62650226 71.3816073 9 P 0
L 82.61877558 87.87220678 82.62650226 87.78965932 9 P 0
L 82.62650226 71.3816073 82.64511792 71.462392 9 P 0
L 82.62650226 87.78965932 82.64511792 87.70887208 9 P 0
L 82.6333374 71.78224404 82.63607806 71.69936892 9 P 0
L 82.6333374 87.3890175 82.63607806 87.47189262 9 P 0
L 82.63607806 71.69936892 82.6497966 71.61760378 9 P 0
L 82.63607806 87.47189262 82.6497966 87.55365776 9 P 0
L 82.64511792 71.462392 82.6497966 71.61760378 9 P 0
L 82.64511792 87.70887208 82.6497966 87.55365776 9 P 0
L 83.20009776 67.29047756 83.20009776 91.88078144 9 P 0
L 84.0000987 67.5598598 84.0000987 91.61140174 9 P 0
L 84.5731862 78.2651597 85.11708656 75.9247529 9 P 0
L 84.57318874 78.45054414 84.6559267 78.8065353 9 P 0
L 84.80009964 67.82924204 84.80009964 77.28875068 9 P 0
L 84.80009964 79.02647136 84.80009964 91.3420195 9 P 0
L 84.88247946 81.43540228 85.37863036 83.78639834 9 P 0
L 84.88844084 81.24181364 84.96961924 80.94797374 9 P 0
L 84.89634024 79.09141662 85.17648446 79.20895766 9 P 0
L 84.95308384 67.87933846 85.02827546 67.89933588 9 P 0
L 84.95308384 91.29192308 85.02827546 91.27192566 9 P 0
L 85.122893 80.72627492 85.38642054 80.5339258 9 P 0
L 85.15089142 67.91945014 85.30584666 67.92957712 9 P 0
L 85.15089142 91.2518114 85.30584666 91.24168442 9 P 0
L 85.20430762 75.751817 85.40206694 75.5198134 9 P 0
L 85.30584666 67.92957712 85.38803852 67.91874148 9 P 0
L 85.30584666 91.24168442 85.38803598 91.25252006 9 P 0
L 85.35861262 79.24016156 89.68034642 78.98953468 9 P 0
L 85.38803598 91.25252006 85.4709619 91.25234988 9 P 0
L 85.38803852 67.91874148 85.4709619 67.91891166 9 P 0
L 85.45698174 83.9544168 85.68241944 84.24208704 9 P 0
L 85.4709619 67.91891166 85.62332126 67.88893204 9 P 0
L 85.4709619 91.25234988 85.62332126 91.2823295 9 P 0
L 85.60010058 67.8935015 85.60010058 75.39789848 9 P 0
L 85.60010058 79.226156 85.60010058 80.46313346 9 P 0
L 85.60010058 84.1370428 85.60010058 91.27776004 9 P 0
L 85.62332126 67.88893204 85.69998608 67.85736238 9 P 0
L 85.62332126 91.2823295 85.69998608 91.31389916 9 P 0
L 85.63467506 75.38366686 85.95480396 75.32071042 9 P 0
L 85.65285638 80.45595796 90.01609378 80.72315834 9 P 0
L 85.69998608 67.85736238 85.78015356 67.83625244 9 P 0
L 85.69998608 91.31389916 85.78015356 91.3350091 9 P 0
L 85.78015356 67.83625244 85.91971894 67.7681779 9 P 0
L 85.78015356 91.3350091 85.91971894 91.40308364 9 P 0
L 86.0207068 84.39867296 86.32427744 84.38680608 9 P 0
L 86.02555058 67.70313104 86.08756214 67.65614104 9 P 0
L 86.02555312 91.46813304 86.08756976 91.51512558 9 P 0
L 86.0332798 73.38170236 86.12735124 73.02853822 9 P 0
L 86.04954088 79.20009306 92.83189968 79.20009306 9 P 0
L 86.11181152 73.74610854 86.30398538 73.98140906 9 P 0
L 86.1198049 67.63001968 86.23977926 67.52619718 9 P 0
L 86.11980744 91.5412444 86.23985292 91.64512786 9 P 0
L 86.2143818 72.86485046 87.7933855 71.05373648 9 P 0
L 86.22922556 75.3626509 90.0707368 77.44879608 9 P 0
L 86.23977926 67.52619718 86.48395454 67.32331722 9 P 0
L 86.23985292 91.64512786 86.48395454 91.84794178 9 P 0
L 86.3789992 86.42453124 86.4400735 86.72319968 9 P 0
L 86.40010152 67.39298942 86.40010152 72.65183082 9 P 0
L 86.40010152 74.0606723 86.40010152 75.45544472 9 P 0
L 86.40010152 79.1797629 86.40010152 80.5017186 9 P 0
L 86.40010152 84.36956456 86.40010152 86.21038892 9 P 0
L 86.40010152 86.52772636 86.40010152 91.77827212 9 P 0
L 86.41492242 86.15739944 86.56240498 85.86637894 9 P 0
L 86.4501446 74.09445938 90.38367242 75.9020961 9 P 0
L 86.48395454 67.32331722 86.73218874 67.1253547 9 P 0
L 86.48395454 91.84794178 86.7321735 92.04589414 9 P 0
L 86.50252702 84.33811428 90.31342872 82.28452428 9 P 0
L 86.52265144 86.8983911 88.0320566 88.76789968 9 P 0
L 86.63848814 67.20007896 101.44549434 67.20007896 9 P 0
L 86.67476188 92.0001081 89.5735318 92.0001081 9 P 0
L 86.7321735 92.04589414 86.9843701 92.23885794 9 P 0
L 86.73218874 67.1253547 86.98435994 66.93241122 9 P 0
L 86.76440102 85.67595768 90.77337954 83.93316716 9 P 0
L 86.98435994 66.93241122 87.11230736 66.83852774 9 P 0
L 86.9843701 92.23885794 87.11231498 92.33274396 9 P 0
L 87.12979272 84.0000987 90.6194149 84.0000987 9 P 0
L 87.14495144 92.3583624 87.20456016 92.4083623 9 P 0
L 87.14497684 66.8128839 87.20458302 66.76288146 9 P 0
L 87.20010246 66.76664066 87.20010246 71.73423042 9 P 0
L 87.20010246 74.43909928 87.20010246 75.88988886 9 P 0
L 87.20010246 79.1333698 87.20010246 80.55071012 9 P 0
L 87.20010246 83.96220952 87.20010246 85.48654988 9 P 0
L 87.20010246 87.73746486 87.20010246 92.40462342 9 P 0
L 87.25944448 62.21366272 87.40922066 62.1340261 9 P 0
L 87.25944448 62.21366272 87.61218952 65.71516702 9 P 0
L 87.27519756 96.80123134 87.61218952 93.4560996 9 P 0
L 87.27519756 96.80123134 94.43549566 81.84367172 9 P 0
L 87.2782227 62.40007332 89.48791094 62.40007332 9 P 0
L 87.29152214 66.67420244 87.38895146 66.55328574 9 P 0
L 87.29152214 92.49705656 87.38895146 92.6179758 9 P 0
L 87.35590352 96.0001128 87.65869946 96.0001128 9 P 0
L 87.3588169 63.20007426 90.30701268 63.20007426 9 P 0
L 87.38895146 66.55328574 87.42738166 66.47980862 9 P 0
L 87.38895146 92.6179758 87.42738166 92.69145292 9 P 0
L 87.40303068 76.0000893 97.2328637 76.0000893 9 P 0
L 87.40922066 62.1340261 87.75885928 61.95697794 9 P 0
L 87.42738166 66.47980862 87.47522002 66.41208714 9 P 0
L 87.42738166 92.69145292 87.47522002 92.7591744 9 P 0
L 87.43649518 95.20011186 88.04166542 95.20011186 9 P 0
L 87.43940856 64.0000752 91.12611696 64.0000752 9 P 0
L 87.47522002 66.41208714 87.53834918 66.27021798 9 P 0
L 87.47522002 92.7591744 87.53834918 92.90104102 9 P 0
L 87.48056418 66.40007802 101.8284603 66.40007802 9 P 0
L 87.49343436 92.80010904 89.19056584 92.80010904 9 P 0
L 87.51708938 94.40011092 88.42463138 94.40011092 9 P 0
L 87.52000276 64.80007614 102.59439476 64.80007614 9 P 0
L 87.53834918 66.27021798 87.55662956 66.18935454 9 P 0
L 87.53834918 92.90104102 87.55662956 92.98190192 9 P 0
L 87.55662956 66.18935454 87.5854865 66.111628 9 P 0
L 87.55662956 92.98190192 87.5854865 93.05963354 9 P 0
L 87.5854865 66.111628 87.61009402 65.95830852 9 P 0
L 87.5854865 93.05963354 87.61009402 93.21295556 9 P 0
L 87.59768104 93.60010998 88.80759988 93.60010998 9 P 0
L 87.60059442 65.60007708 102.2114288 65.60007708 9 P 0
L 87.61500638 65.75655886 87.61776736 65.83431588 9 P 0
L 87.61500892 93.41470522 87.61776736 93.33694566 9 P 0
L 87.75885928 61.95697794 88.11212502 61.78685128 9 P 0
L 87.95157416 70.94199426 88.23509912 70.82998788 9 P 0
L 88.0001034 61.84079834 88.0001034 70.92282234 9 P 0
L 88.0001034 74.80673634 88.0001034 76.324333 9 P 0
L 88.0001034 79.0869767 88.0001034 80.59970164 9 P 0
L 88.0001034 83.53111056 88.0001034 85.13877054 9 P 0
L 88.0001034 88.72832394 88.0001034 95.28693414 9 P 0
L 88.11212502 61.78685128 88.46846924 61.62391536 9 P 0
L 88.17815232 88.88203712 88.50962232 89.03600176 9 P 0
L 88.46846924 61.62391536 88.62414584 61.55645296 9 P 0
L 88.50440008 70.81897698 88.8166118 70.91367834 9 P 0
L 88.52348818 61.60007238 88.66880666 61.60007238 9 P 0
L 88.61437446 83.20009776 93.78616498 83.20009776 9 P 0
L 88.62414584 61.55645296 91.14179892 64.0153914 9 P 0
L 88.80010434 61.72830682 88.80010434 70.908672 9 P 0
L 88.80010434 75.1743734 88.80010434 76.7587746 9 P 0
L 88.80010434 79.04058106 88.80010434 80.64869316 9 P 0
L 88.80010434 83.10001414 88.80010434 84.79099374 9 P 0
L 88.80010434 89.05272004 88.80010434 93.61576654 9 P 0
L 88.87618496 76.80009024 93.9889027 76.80009024 9 P 0
L 88.88212348 89.02193524 89.14720804 88.8735459 9 P 0
L 89.03922502 71.07954288 91.45168654 74.72498644 9 P 0
L 89.11899626 71.20008366 90.5152368 71.20008366 9 P 0
L 89.23323276 88.80010434 91.10539818 88.80010434 9 P 0
L 89.28391846 88.74924084 91.74715458 85.18936734 9 P 0
L 89.60010528 62.50965146 89.60010528 69.71812574 9 P 0
L 89.60010528 69.91462522 89.60010528 71.92708246 9 P 0
L 89.60010528 75.54201046 89.60010528 77.19321874 9 P 0
L 89.60010528 78.99418796 89.60010528 80.69768468 9 P 0
L 89.60010528 82.66891518 89.60010528 84.4432144 9 P 0
L 89.60010528 88.29228722 89.60010528 91.9445964 9 P 0
L 89.60204838 69.93687054 89.68700376 70.22854636 9 P 0
L 89.64841608 72.0000846 91.24366562 72.0000846 9 P 0
L 89.67213968 69.57074986 89.89672648 69.2824116 9 P 0
L 89.77736934 70.38971698 92.69189996 73.59061482 9 P 0
L 89.80227912 88.0001034 91.48836414 88.0001034 9 P 0
L 89.90907596 78.90315182 90.21998466 78.6597106 9 P 0
L 90.0408029 69.16573924 92.20193142 68.11556608 9 P 0
L 90.09895874 82.40009682 94.16913094 82.40009682 9 P 0
L 90.1778359 72.80008554 91.97209444 72.80008554 9 P 0
L 90.2107797 80.78633576 90.3897481 80.90013792 9 P 0
L 90.22048504 77.58833352 90.33458692 77.76710634 9 P 0
L 90.2279882 77.60009118 93.27922924 77.60009118 9 P 0
L 90.23241796 80.80009494 93.2207178 80.80009494 9 P 0
L 90.35583656 87.20010246 91.8713301 87.20010246 9 P 0
L 90.36964654 78.40009212 92.91140168 78.40009212 9 P 0
L 90.37622006 78.36286842 90.39809962 78.01295802 9 P 0
L 90.40010622 63.2909961 90.40010622 68.99113964 9 P 0
L 90.40010622 71.07363992 90.40010622 73.13595482 9 P 0
L 90.40010622 75.9060204 90.40010622 80.9100363 9 P 0
L 90.40010622 82.216498 90.40010622 84.0954376 9 P 0
L 90.40010622 87.13612494 90.40010622 90.2734288 9 P 0
L 90.48422086 82.10956654 90.6631156 81.7575454 9 P 0
L 90.55121082 81.09611162 90.67925984 81.42248384 9 P 0
L 90.62617638 75.93320602 91.01497672 75.86422978 9 P 0
L 90.70588666 81.60009588 93.8342802 81.60009588 9 P 0
L 90.70725572 73.60008648 92.70473204 73.60008648 9 P 0
L 90.909394 86.40010152 92.2542986 86.40010152 9 P 0
L 90.97553306 83.90106918 91.1866604 83.92122154 9 P 0
L 91.17238306 64.04338474 91.23145584 64.09402726 9 P 0
L 91.20010716 64.06715152 91.20010716 68.6023901 9 P 0
L 91.20010716 71.95224624 91.20010716 74.34482718 9 P 0
L 91.20010716 75.77492846 91.20010716 83.92525506 9 P 0
L 91.20010716 85.97996012 91.20010716 88.6022612 9 P 0
L 91.23667554 74.40008742 97.99879562 74.40008742 9 P 0
L 91.29228884 75.6754773 91.47588004 75.37679108 9 P 0
L 91.33320316 64.165353 91.46841752 64.2417054 9 P 0
L 91.38114058 84.0000987 93.40319648 84.0000987 9 P 0
L 91.4194895 84.02253198 91.68175212 84.25519598 9 P 0
L 91.4629489 85.60010058 92.63726456 85.60010058 9 P 0
L 91.46841752 64.2417054 91.54717022 64.26760324 9 P 0
L 91.5183971 74.9184811 91.53521952 75.12989292 9 P 0
L 91.53036304 75.20008836 97.61582966 75.20008836 9 P 0
L 91.54717022 64.26760324 91.62179796 64.3037322 9 P 0
L 91.62179796 64.3037322 91.7720796 64.34283296 9 P 0
L 91.7720796 64.34283296 91.8548582 64.34765388 9 P 0
L 91.81948362 84.56106532 91.81990526 84.9559388 9 P 0
L 91.81973762 84.80009964 93.02023052 84.80009964 9 P 0
L 91.8548582 64.34765388 91.9362525 64.36341966 9 P 0
L 91.9362525 64.36341966 92.09153032 64.36263988 9 P 0
L 92.0001081 64.36309962 92.0001081 68.21364056 9 P 0
L 92.0001081 72.83085002 92.0001081 86.9310936 9 P 0
L 92.21509878 64.34995004 92.29136228 64.33451954 9 P 0
L 92.33174066 64.32497676 92.48494076 64.2834757 9 P 0
L 92.39121476 68.0745146 92.69596396 68.08219556 9 P 0
L 92.48494076 64.2834757 92.79298434 64.206628 9 P 0
L 92.79298434 64.206628 93.10245286 64.13599314 9 P 0
L 92.80010904 64.2050024 92.80010904 68.09990952 9 P 0
L 92.80010904 73.67048512 92.80010904 85.259926 9 P 0
L 92.80538208 79.46694546 92.91327112 78.38126818 9 P 0
L 92.81757408 79.61432642 93.06318954 80.52261518 9 P 0
L 92.9029765 73.71400802 93.28781952 73.8024305 9 P 0
L 92.94815802 68.17728554 93.19854868 68.386452 9 P 0
L 92.95575262 78.23613766 93.40309742 77.35653312 9 P 0
L 93.10245286 64.13599314 93.41337934 64.07156604 9 P 0
L 93.11591232 80.64005716 93.56953092 81.33272532 9 P 0
L 93.33865508 68.62611116 94.1349527 72.92438298 9 P 0
L 93.37088514 68.80008084 94.56280554 68.80008084 9 P 0
L 93.40309742 77.35653312 93.4504862 77.2963275 9 P 0
L 93.41337934 64.07156604 93.56938106 64.0424932 9 P 0
L 93.4504862 77.2963275 93.496765 77.23547164 9 P 0
L 93.496765 77.23547164 94.33240976 76.49619702 9 P 0
L 93.5190916 69.60008178 94.79703164 69.60008178 9 P 0
L 93.60010998 64.03409342 93.60010998 70.03739866 9 P 0
L 93.60010998 73.74731504 93.60010998 77.14404434 9 P 0
L 93.60010998 81.36387588 93.60010998 83.58875586 9 P 0
L 93.6098839 64.03357526 93.68528888 64.01439064 9 P 0
L 93.61683842 73.73703312 93.90253762 73.5338255 9 P 0
L 93.62943174 81.4046632 93.960569 81.72057824 9 P 0
L 93.6673006 70.40008272 95.03125774 70.40008272 9 P 0
L 93.71527104 64.0000752 99.21661132 64.0000752 9 P 0
L 93.80214666 63.97220378 93.94238768 63.90553132 9 P 0
L 93.80937804 73.60008648 98.38176412 73.60008648 9 P 0
L 93.8155096 71.20008366 95.26548384 71.20008366 9 P 0
L 93.94238768 63.90553132 94.00888234 63.85600894 9 P 0
L 93.96371606 72.0000846 95.49970994 72.0000846 9 P 0
L 94.00888234 63.85600894 94.0813587 63.81575756 9 P 0
L 94.05362444 73.32975428 94.12075156 73.12857612 9 P 0
L 94.0813587 63.81575756 94.19979382 63.7153285 9 P 0
L 94.11192506 72.80008554 95.8796152 72.80008554 9 P 0
L 94.16947892 81.83477664 94.28785562 81.8649493 9 P 0
L 94.18500086 89.535 97.282 86.43800086 11 P 0
L 94.19979382 63.7153285 94.25135836 63.65039594 9 P 0
L 94.25135836 63.65039594 94.31108138 63.59288526 9 P 0
L 94.31108138 63.59288526 94.39977564 63.46542298 9 P 0
L 94.32470086 81.85963816 94.43549566 81.84367172 9 P 0
L 94.33291268 76.49574998 94.40213276 76.4553843 9 P 0
L 94.40011092 63.4646559 94.40011092 76.45656286 9 P 0
L 94.40213276 76.4553843 94.47029366 76.41548852 9 P 0
L 94.42584112 68.18389462 94.47734724 67.88449466 9 P 0
L 94.43641006 68.36837228 95.65279828 72.52296138 9 P 0
L 94.46049688 63.3570234 94.49174396 63.28576878 9 P 0
L 94.47093628 76.415265 95.4814321 76.06550446 9 P 0
L 94.50715668 63.24727254 95.70858938 59.9394788 9 P 0
L 94.52429914 63.20007426 98.40758576 63.20007426 9 P 0
L 94.7008393 67.58615642 95.02909366 67.42545062 9 P 0
L 94.81487006 62.40007332 98.11701484 62.40007332 9 P 0
L 95.10544098 61.60007238 97.82644646 61.60007238 9 P 0
L 95.20011186 61.33942266 95.20011186 67.3856412 9 P 0
L 95.20011186 70.97680496 95.20011186 76.1628779 9 P 0
L 95.20973592 67.38374128 97.61251242 67.3872287 9 P 0
L 95.3960119 60.80007144 97.53587554 60.80007144 9 P 0
L 95.4814321 76.06550446 95.55819344 76.05493044 9 P 0
L 95.53500324 90.88500238 97.86800086 93.218 11 P 0
L 95.55819344 76.05493044 95.63507924 76.04345472 9 P 0
L 95.63507924 76.04345472 96.69681702 76.09463572 9 P 0
L 95.68658282 60.0000705 97.24530716 60.0000705 9 P 0
L 95.70858938 59.9394788 95.87810644 59.93271478 9 P 0
L 95.78841904 72.72639506 96.0955533 72.97457084 9 P 0
L 95.87810644 59.93271478 96.26995986 59.92490174 9 P 0
L 96.0001128 59.93028146 96.0001128 67.38488936 9 P 0
L 96.0001128 72.89745136 96.0001128 76.06105184 9 P 0
L 96.26995986 59.92490174 96.66192504 59.92490174 9 P 0
L 96.4199367 73.0600266 96.76579326 73.00263276 9 P 0
L 96.66192504 59.92490174 97.0538064 59.93271478 9 P 0
L 96.69888458 76.09473986 96.7750541 76.11415562 9 P 0
L 96.7750541 76.11415562 96.85183322 76.1333123 9 P 0
L 96.80011374 59.92765764 96.80011374 67.38605014 9 P 0
L 96.80011374 72.98968384 96.80011374 76.1204091 9 P 0
L 96.85370266 76.13420384 96.9167734 76.18138434 9 P 0
L 96.9167734 76.18138434 96.98024292 76.22836926 9 P 0
L 96.98163484 76.22990596 97.0218405 76.29762236 9 P 0
L 96.99104808 72.88544986 97.13957966 72.7340557 9 P 0
L 97.0538064 59.93271478 97.22329806 59.93947626 9 P 0
L 97.06001162 76.36117062 104.00611914 61.85104216 9 P 0
L 97.0747995 72.80008554 98.76473008 72.80008554 9 P 0
L 97.22329806 59.93947626 98.42472822 63.24727254 9 P 0
L 97.24186038 72.556751 98.41038738 68.34441246 9 P 0
L 97.282 79.375 97.282 86.43800086 11 P 0
L 97.282 79.375 97.917 78.74 11 P 0
L 97.39628222 72.0000846 99.14769604 72.0000846 9 P 0
L 97.60011468 60.97693418 97.60011468 67.38721092 9 P 0
L 97.60011468 71.26530578 97.60011468 75.23291786 9 P 0
L 97.6182071 71.20008366 99.530662 71.20008366 9 P 0
L 97.80063752 67.43330938 98.07118054 67.57381202 9 P 0
L 97.84013198 70.40008272 99.91362796 70.40008272 9 P 0
L 97.86800086 93.218 106.26270594 93.218 11 P 0
L 97.917 78.74 99.9340013 78.74 11 P 0
L 98.06205686 69.60008178 100.29659646 69.60008178 9 P 0
L 98.25616366 67.76983144 98.38952128 68.0675931 9 P 0
L 98.28398174 68.80008084 100.67956242 68.80008084 9 P 0
L 98.35928512 68.0000799 101.06252838 68.0000799 9 P 0
L 98.40011562 63.17950788 98.40011562 68.11394302 9 P 0
L 98.40011562 68.38144058 98.40011562 73.56175026 9 P 0
L 98.44014094 63.28576878 98.47138802 63.3570234 9 P 0
L 98.53210672 63.46542298 98.62080352 63.59288526 9 P 0
L 98.62080352 63.59288526 98.68052908 63.65039848 9 P 0
L 98.66600028 81.661 98.679 81.67399972 10 P 0
L 98.679 80.12400028 100.04000058 80.12400028 10 P 0
L 98.679 81.67399972 98.94599972 81.407 10 P 0
L 98.68052908 63.65039848 98.73209108 63.7153285 9 P 0
L 98.73209108 63.7153285 98.8505262 63.81575756 9 P 0
L 98.8505262 63.81575756 98.92300256 63.85600894 9 P 0
L 98.92300256 63.85600894 98.98949722 63.90553132 9 P 0
L 98.94599972 81.407 100.711 81.407 10 P 0
L 98.98949722 63.90553132 99.12973824 63.97220378 9 P 0
L 99.20011656 63.99219866 99.20011656 71.89058012 9 P 0
L 99.24659094 64.01439064 99.32199338 64.03357526 9 P 0
L 99.36250638 64.0424932 99.5184827 64.07156096 9 P 0
L 99.5184827 64.07156096 99.82943204 64.13599314 9 P 0
L 99.82943204 64.13599314 100.13890056 64.206628 9 P 0
L 99.9340013 78.74 99.96482928 78.70917202 11 P 0
L 99.96482928 77.83517072 99.96482928 78.70917202 11 P 0
L 99.96482928 77.83517072 103.97087664 73.82912336 11 P 0
L 100.0001175 64.17495166 100.0001175 70.21941252 9 P 0
L 100.04000058 80.12400028 100.24599966 80.32999936 10 P 0
L 100.13890056 64.206628 100.44694414 64.2834757 9 P 0
L 100.24599966 80.32999936 100.47099794 80.10500108 10 P 0
L 100.44694414 64.2834757 100.60014424 64.32497676 9 P 0
L 100.47099794 80.10500108 100.74299892 80.10500108 10 P 0
L 100.64052516 64.33451954 100.71678612 64.34995004 9 P 0
L 100.711 81.407 101.473 82.169 10 P 0
L 100.74299892 80.10500108 101.23400124 79.61399876 10 P 0
L 100.80011844 64.35442552 100.80011844 68.54824492 9 P 0
L 100.84035458 64.36263988 100.9956324 64.36341966 9 P 0
L 100.9956324 64.36341966 101.0770267 64.34765388 9 P 0
L 101.0770267 64.34765388 101.15980276 64.34283296 9 P 0
L 101.15980276 64.34283296 101.31008694 64.30373474 9 P 0
L 101.23400124 78.74 101.23400124 79.61399876 10 P 0
L 101.31008694 64.30373474 101.38472484 64.2676007 9 P 0
L 101.38472484 64.2676007 101.46346738 64.2417054 9 P 0
L 101.46346738 64.2417054 101.59868174 64.16535046 9 P 0
L 101.473 82.169 103.251 82.169 10 P 0
L 101.60011938 64.16411348 101.60011938 66.87707478 9 P 0
L 101.7004062 64.09404504 101.75948152 64.04340506 9 P 0
L 101.79008852 64.01539394 104.00611914 61.85104216 9 P 0
L 101.80577302 64.0000752 102.97736072 64.0000752 9 P 0
L 102.40012032 63.41958868 102.40012032 65.20590718 9 P 0
L 102.44600034 81.28 102.632002 81.28 10 P 0
L 102.62487476 63.20007426 103.36032668 63.20007426 9 P 0
L 102.632002 81.28 102.85700028 81.05500172 10 P 0
L 102.85700028 77.34099848 102.85700028 78.74 10 P 0
L 102.85700028 77.34099848 102.98199876 77.216 10 P 0
L 102.85700028 78.74 102.85700028 81.05500172 10 P 0
L 103.20012126 62.63824404 103.20012126 63.53473704 9 P 0
L 103.251 82.169 104.013 81.407 10 P 0
L 103.44397904 62.40007332 103.74329264 62.40007332 9 P 0
L 103.97087664 70.8381616 103.97087664 73.82912336 11 P 0
L 104.013 81.407 106.76400034 81.407 10 P 0
L 104.2819987 77.14100142 104.2819987 77.216 10 P 0
L 104.2819987 77.14100142 104.60699932 76.8160008 10 P 0
L 104.40699972 78.74 104.56399966 78.89699994 10 P 0
L 104.40699972 78.74 105.64899876 78.74 10 P 0
L 104.56399966 78.89699994 104.56399966 80.45699936 10 P 0
L 104.60699932 76.8160008 104.6819979 76.8160008 10 P 0
L 104.6819979 76.8160008 105.0629979 76.8160008 10 P 0
L 105.0629979 76.8160008 107.37087492 74.50812378 10 P 0
L 106.26270594 93.218 109.73820064 89.7425053 11 P 0
L 106.76400034 81.407 107.93499876 81.407 10 P 0
L 106.9489987 78.66500142 106.9489987 78.74 11 P 0
L 106.9489987 78.66500142 108.39800012 77.216 11 P 0
L 107.37087492 69.0471441 107.37087492 70.8381616 10 P 0
L 107.37087492 69.0471441 109.81025028 66.60776874 10 P 0
L 107.37087492 70.8381616 107.37087492 74.50812378 10 P 0
L 107.93499876 81.407 108.077 81.54900124 10 P 0
L 108.077 79.375 108.077 79.9950013 10 P 0
L 108.077 79.375 109.093 78.359 10 P 0
L 108.39800012 77.216 109.093 77.216 11 P 0
L 109.093 78.359 112.268 78.359 10 P 0
L 109.32776712 74.82223288 109.32776712 76.69405032 11 P 0
L 109.32776712 74.82223288 111.24934062 72.90065938 11 P 0
L 109.73820064 89.7425053 110.28499914 89.7425053 11 P 0
L 110.28499914 89.535 111.40410536 88.41589378 11 P 0
L 111.24934062 69.977 111.24934062 72.90065938 11 P 0
L 111.24934062 69.977 112.21441108 69.01192954 11 P 0
L 111.24934062 72.90065938 112.89768124 74.549 11 P 0
L 111.40410536 87.47789464 111.40410536 88.41589378 11 P 0
L 111.40410536 87.47789464 115.062 83.82 11 P 0
L 112.268 78.359 112.776 77.851 10 P 0
L 112.7277654 76.69405032 112.776 76.74228492 10 P 0
L 112.776 76.74228492 112.776 77.851 10 P 0
L 112.89768124 74.549 114.427 74.549 11 P 0
L 114.427 74.549 115.062 75.184 11 P 0
L 115.062 75.184 115.062 83.82 11 P 0
P 94.18500086 89.535 8 P 0 0 ;0=6,1=0,2
P 95.123 97.536 12 P 0 0 ;0=7,1=0
P 98.679 80.12400028 3 P 0 0 ;0=3,1=0,2
P 98.679 81.67399972 3 P 0 0 ;0=3,1=0,2
P 99.9340013 78.74 1 P 0 0 ;0=1,1=0,2
P 100.24599966 80.32999936 2 P 0 0 ;0=2,1=0,2
P 100.24599966 82.23000064 2 P 0 0 ;0=2,1=0,2
P 101.23400124 78.74 1 P 0 0 ;0=1,1=0,2
P 102.235 89.535 8 P 0 0 ;0=6,1=0,2
P 102.44600034 81.28 2 P 0 0 ;0=2,1=0,2
P 102.85700028 78.74 4 P 0 0 ;0=4,1=0,2
P 102.98199876 77.216 1 P 0 0 ;0=1,1=0,2
P 103.97087664 70.8381616 5 P 0 0 ;0=5,1=0,2
P 104.2819987 77.216 1 P 0 0 ;0=1,1=0,2
P 104.40699972 78.74 4 P 0 0 ;0=4,1=0,2
P 104.56399966 80.45699936 2 P 0 0 ;0=2,1=0,2
P 104.56399966 82.35700064 2 P 0 0 ;0=2,1=0,2
P 105.64899876 78.74 1 P 0 0 ;0=1,1=0,2
P 105.67087578 70.8381616 13 P 0 0 ;0=8,1=0
P 106.76400034 81.407 2 P 0 0 ;0=2,1=0,2
P 106.9489987 78.74 1 P 0 0 ;0=1,1=0,2
P 107.37087492 70.8381616 5 P 0 0 ;0=5,1=0,2
P 108.077 80.2490013 0 P 0 0 ;0=0,1=0,2
P 108.077 81.54900124 0 P 0 0 ;0=0,1=0,2
P 109.32776712 76.69405032 5 P 0 0 ;0=5,1=0,2
P 109.81025028 66.60776874 6 P 0 0 ;0=5,1=0,2
P 110.28499914 89.535 8 P 0 0 ;0=6,1=0,2
P 111.01233068 67.80984914 13 P 0 0 ;0=8,1=0
P 111.02776626 76.69405032 13 P 0 0 ;0=8,1=0
P 112.21441108 69.01192954 7 P 0 0 ;0=5,1=0,2
P 112.7277654 76.69405032 5 P 0 0 ;0=5,1=0,2
S P 0
OB 103.57087744 70.03816066 I
OS 103.57087744 71.63816254
OS 104.37087584 71.63816254
OS 104.37087584 71.52486076
OS 104.37107142 71.52475662
OS 104.2974419 71.3621636
OS 104.21171182 71.0163172
OS 104.21171182 70.66000346
OS 104.2974419 70.31415706
OS 104.37107142 70.15156404
OS 104.37107396 70.15156658
OS 104.37087584 70.15146244
OS 104.37087584 70.03816066
OS 103.57087744 70.03816066
OE
SE
S P 0
OB 103.77724736 81.17124736 I
OS 103.88541072 81.0989742
OS 103.96069632 81.08399836
OS 103.94818682 80.95699836
OS 103.81400116 80.95699836
OS 103.81400116 79.95700036
OS 104.23059418 79.95700036
OS 104.23059418 79.4399986
OS 103.85700082 79.4399986
OS 103.85700082 78.0400014
OS 104.93235046 78.0400014
OS 104.95699354 78.03999632
OS 104.95699608 78.03999378
OS 105.0490025 78.064995
OS 105.04900758 78.06500008
OS 106.22199736 78.06500008
OS 106.24899756 78.06499754
OS 106.3489999 78.06499754
OS 106.3760001 78.06500008
OS 106.90013672 78.06500008
OS 108.07356846 76.89156834
OS 108.22241754 76.79210956
OS 108.39800012 76.75718456
OS 108.76540858 76.75718456
OS 108.76540858 75.89404938
OS 108.81296246 75.77924392
OS 108.86895168 75.75605372
OS 108.86895168 74.82223288
OS 108.90387668 74.6466503
OS 109.00333546 74.49780122
OS 110.79052518 72.7106115
OS 110.79052518 69.977
OS 110.82545018 69.80141742
OS 110.92490896 69.65256834
OS 111.20198994 69.37548736
OS 111.15460878 69.25362832
OS 111.01233068 69.27236082
OS 110.63380464 69.22252602
OS 110.28107484 69.07642014
OS 109.97817984 68.84399998
OS 109.74575968 68.54110498
OS 109.5996538 68.18837518
OS 109.549819 67.80984914
OS 109.57062414 67.6518205
OS 109.5274035 67.61865572
OS 109.41260058 67.57110184
OS 109.38598646 67.59771596
OS 109.3388974 67.5506269
OS 107.7042804 69.1852439
OS 107.7042804 69.8381636
OS 107.77087412 69.8381636
OS 107.77087412 69.87580132
OS 107.88567958 69.9233552
OS 107.93323346 70.03816066
OS 107.93323346 71.63816254
OS 107.88567958 71.752968
OS 107.77087412 71.80052188
OS 107.77087412 71.8381596
OS 107.7042804 71.8381596
OS 107.7042804 74.50812378
OS 107.67890072 74.63571306
OS 107.60662756 74.74387642
OS 105.29875054 77.05175344
OS 105.19058718 77.1240266
OS 105.0629979 77.14940628
OS 104.8819975 77.14940628
OS 104.8819975 77.89099992
OS 103.7090001 77.89099992
OS 103.6819999 77.89100246
OS 103.58199756 77.89100246
OS 103.55499736 77.89099992
OS 103.19040576 77.89099992
OS 103.19040576 78.0400014
OS 103.40699918 78.0400014
OS 103.40699918 79.4399986
OS 103.19040576 79.4399986
OS 103.19040576 80.780001
OS 103.19599884 80.780001
OS 103.19599884 81.58656022
OS 103.3133316 81.63516312
OS 103.77724736 81.17124736
OE
SE
S P 0
OB 106.01400184 80.907001 I
OS 107.2990234 80.907001
OS 107.40199754 80.84899756
OS 107.40200008 80.77999846
OS 107.40200008 79.6490025
OS 107.74359452 79.6490025
OS 107.74359452 79.375
OS 107.7689742 79.24741072
OS 107.84124736 79.13924736
OS 108.85724482 78.12324736
OS 108.96541072 78.0509742
OS 109.093 78.02559452
OS 110.1725635 78.02559452
OS 110.21567492 77.89859452
OS 109.99361542 77.72820116
OS 109.89658234 77.60174726
OS 109.84256924 77.60885672
OS 109.72776632 77.6564106
OS 109.72776632 77.69404832
OS 108.92776792 77.69404832
OS 108.92776792 77.67481544
OS 108.588048 77.67481544
OS 107.5489975 78.71386594
OS 107.5489975 79.41499992
OS 106.3760001 79.41499992
OS 106.3489999 79.41500246
OS 106.24899756 79.41500246
OS 106.22199736 79.41499992
OS 105.04901012 79.41499992
OS 105.0490025 79.415005
OS 105.0490025 79.41500246
OS 104.95699862 79.44000114
OS 104.89740514 79.54231742
OS 104.89740514 79.95700036
OS 105.31399816 79.95700036
OS 105.31399816 80.94659198
OS 105.3140007 80.95699836
OS 105.33911622 81.07359452
OS 106.01400184 81.07359452
OS 106.01400184 80.907001
OE
SE
S P 0
OB 107.77087412 70.03816066 I
OS 106.97087572 70.03816066
OS 106.97087572 70.15146244
OS 106.9706776 70.15156658
OS 106.9706776 70.15156404
OS 107.04430712 70.31415706
OS 107.1300372 70.66000346
OS 107.1300372 71.0163172
OS 107.04430712 71.3621636
OS 106.9706776 71.52475662
OS 106.97087572 71.52486076
OS 106.97087572 71.63816254
OS 107.77087412 71.63816254
OS 107.77087412 70.03816066
OE
SE
S P 0
OB 108.4850002 90.34684242 I
OS 108.4850002 87.73500106
OS 110.94528992 87.73500106
OS 110.94528992 87.47789464
OS 110.98021492 87.30231206
OS 111.0796737 87.15346298
OS 114.60318456 83.62995212
OS 114.60318456 75.37404788
OS 114.23695212 75.00781544
OS 112.89768124 75.00781544
OS 112.72209866 74.97289044
OS 112.57324958 74.87343166
OS 111.24934062 73.5495227
OS 109.78658256 75.01228076
OS 109.78658256 75.72108808
OS 109.90624958 75.77375498
OS 109.99361542 75.65989948
OS 110.29651042 75.42747932
OS 110.64924022 75.28137344
OS 111.02776626 75.23153864
OS 111.4062923 75.28137344
OS 111.7590221 75.42747932
OS 112.0619171 75.65989948
OS 112.15895018 75.78635338
OS 112.21296328 75.77924392
OS 112.3277662 75.73169004
OS 112.3277662 75.69405232
OS 113.1277646 75.69405232
OS 113.1277646 75.73169004
OS 113.24257006 75.77924392
OS 113.29012394 75.89404938
OS 113.29012394 77.49405126
OS 113.24257006 77.60885672
OS 113.1277646 77.6564106
OS 113.1277646 77.69404832
OS 113.10940548 77.69404832
OS 113.10940548 77.851
OS 113.0840258 77.97858928
OS 113.01175264 78.08675264
OS 112.50375264 78.59475264
OS 112.39558928 78.6670258
OS 112.268 78.69240548
OS 109.23110234 78.69240548
OS 108.41040548 79.5130998
OS 108.41040548 79.6490025
OS 108.75199992 79.6490025
OS 108.75199992 80.8219999
OS 108.75200246 80.8490001
OS 108.75200246 80.94900244
OS 108.75199992 80.97600264
OS 108.75199992 82.14900004
OS 107.40200008 82.14900004
OS 107.40200008 81.906999
OS 106.01400184 81.906999
OS 106.01400184 81.74040548
OS 104.1510998 81.74040548
OS 103.48675264 82.40475264
OS 103.37858928 82.4770258
OS 103.251 82.50240548
OS 101.473 82.50240548
OS 101.34541072 82.4770258
OS 101.23724736 82.40475264
OS 100.5729002 81.74040548
OS 99.3789986 81.74040548
OS 99.3789986 82.22399862
OS 97.9790014 82.22399862
OS 97.9790014 81.12400082
OS 98.7809556 81.12400082
OS 98.81841044 81.0989742
OS 98.94599972 81.07359452
OS 100.711 81.07359452
OS 100.83858928 81.0989742
OS 100.94675264 81.17124736
OS 101.57854462 81.80303934
OS 101.69600184 81.74089062
OS 101.69600184 80.780001
OS 102.5235948 80.780001
OS 102.5235948 79.4399986
OS 102.30700138 79.4399986
OS 102.30700138 78.0400014
OS 102.5235948 78.0400014
OS 102.5235948 77.89099992
OS 102.38199996 77.89099992
OS 102.38199996 76.54100008
OS 103.55499736 76.54100008
OS 103.58199756 76.54099754
OS 103.6819999 76.54099754
OS 103.7090001 76.54100008
OS 104.42998418 76.54100008
OS 104.47941004 76.507975
OS 104.60699932 76.48259532
OS 104.9248981 76.48259532
OS 107.03746944 74.37002398
OS 107.03746944 71.8381596
OS 106.97087572 71.8381596
OS 106.97087572 71.80052188
OS 106.8560728 71.75297054
OS 106.8020597 71.74585854
OS 106.70502662 71.87231244
OS 106.40213162 72.1047326
OS 106.04940182 72.25083848
OS 105.67087578 72.30067328
OS 105.29234974 72.25083848
OS 104.93961994 72.1047326
OS 104.63672494 71.87231244
OS 104.5493591 71.75845694
OS 104.42969208 71.81112384
OS 104.42969208 73.82912336
OS 104.39476708 74.00470594
OS 104.2953083 74.15355502
OS 100.51086324 77.93800008
OS 100.5340001 78.06499754
OS 100.63400244 78.06499754
OS 100.66100264 78.06500008
OS 101.83400004 78.06500008
OS 101.83400004 79.41499992
OS 101.56740672 79.41499992
OS 101.56740672 79.61399876
OS 101.54202704 79.74158804
OS 101.46975388 79.8497514
OS 100.99599816 80.32350712
OS 100.99599816 80.82999836
OS 99.49600116 80.82999836
OS 99.49600116 80.6981368
OS 99.37899606 80.67400172
OS 99.37899606 80.67399918
OS 97.9790014 80.67399918
OS 97.9790014 79.57400138
OS 99.3789986 79.57400138
OS 99.3789986 79.7905948
OS 100.04000058 79.7905948
OS 100.16758986 79.81597448
OS 100.18858042 79.83000036
OS 100.2939828 79.83000036
OS 100.34340866 79.79697528
OS 100.47099794 79.7715956
OS 100.60489912 79.7715956
OS 100.8344948 79.54199992
OS 100.78188886 79.41499992
OS 100.66100264 79.41499992
OS 100.63400244 79.41500246
OS 100.5340001 79.41500246
OS 100.5069999 79.41499992
OS 99.3340025 79.41499992
OS 99.3340025 79.19881544
OS 98.10704788 79.19881544
OS 97.74081544 79.56504788
OS 97.74081544 86.43800086
OS 97.70589044 86.61358344
OS 97.60643166 86.76243252
OS 95.9849998 88.38386438
OS 95.9849998 90.68613562
OS 98.05804874 92.75918456
OS 106.07265806 92.75918456
OS 108.4850002 90.34684242
OE
SE
S P 0
OB 108.92776792 75.89404938 I
OS 108.92776792 77.49405126
OS 109.72776632 77.49405126
OS 109.72776632 77.38074948
OS 109.7279619 77.38064534
OS 109.65433238 77.21805232
OS 109.5686023 76.87220592
OS 109.5686023 76.51589218
OS 109.65433238 76.17004578
OS 109.7279619 76.00745276
OS 109.72796444 76.0074553
OS 109.72776632 76.00735116
OS 109.72776632 75.89404938
OS 108.92776792 75.89404938
OE
SE
S P 0
OB 108.9617201 66.89061298 I
OS 109.52740604 67.45629638
OS 109.60752272 67.3761797
OS 109.60773608 67.37624574
OS 109.60773354 67.37624574
OS 109.67063918 67.20921026
OS 109.8545682 66.90403942
OS 110.10652096 66.65208666
OS 110.4116918 66.46815764
OS 110.57872728 66.405252
OS 110.57866124 66.40504118
OS 110.65877792 66.3249245
OS 110.09309452 65.75923856
OS 108.9617201 66.89061298
OE
SE
S P 0
OB 111.93156684 69.86045718 I
OS 113.06293872 68.7290853
OS 112.49725532 68.1634019
OS 112.41713864 68.24351858
OS 112.41692528 68.24345
OS 112.35401964 68.41048548
OS 112.17009062 68.71565632
OS 111.91813786 68.96760908
OS 111.61296702 69.1515381
OS 111.44593154 69.21444374
OS 111.44593408 69.21444374
OS 111.44600012 69.2146571
OS 111.36588344 69.29477378
OS 111.93156684 69.86045718
OE
SE
S P 0
OB 113.1277646 75.89404938 I
OS 112.3277662 75.89404938
OS 112.3277662 76.00735116
OS 112.32756808 76.0074553
OS 112.32756808 76.00745276
OS 112.4011976 76.17004578
OS 112.48692768 76.51589218
OS 112.48692768 76.87220592
OS 112.4011976 77.21805232
OS 112.32756808 77.38064534
OS 112.3277662 77.38074948
OS 112.3277662 77.49405126
OS 113.1277646 77.49405126
OS 113.1277646 75.89404938
OE
SE
S P 0
OB 98.76415096 99.42860988 I
OS 100.14050076 99.24046954
OS 101.50019324 98.95615718
OS 102.83661932 98.57705202
OS 104.1431115 98.1050489
OS 105.41324104 97.54246176
OS 106.64072144 96.89207698
OS 107.81948718 96.15711528
OS 108.94375214 95.34118854
OS 110.00792324 94.44834552
OS 111.0068265 93.48292708
OS 111.93541748 92.44981256
OS 112.78919784 91.3540083
OS 113.56392832 90.20094736
OS 114.25575066 88.99637014
OS 114.86130444 87.74615928
OS 115.37757468 86.45650222
OS 115.80198582 85.13383786
OS 116.13249316 83.784567
OS 116.36743808 82.41543588
OS 116.5056598 81.03318566
OS 116.54648014 79.64466672
OS 116.4896959 78.25669388
OS 116.33559156 76.8761226
OS 116.08492404 75.50981088
OS 115.73892524 74.16442876
OS 115.29931728 72.84670216
OS 114.76825662 71.56306998
OS 114.14836454 70.31989238
OS 113.44270936 69.12332124
OS 113.28428448 68.89328868
OS 113.12936988 68.89226506
OS 112.0463723 69.97526264
OS 111.93156684 70.02281652
OS 111.87557762 69.99962632
OS 111.70815606 70.16704788
OS 111.70815606 72.7106115
OS 113.08772912 74.09018456
OS 114.427 74.09018456
OS 114.60258258 74.12510956
OS 114.75143166 74.22456834
OS 115.38643166 74.85956834
OS 115.48589044 75.00841996
OS 115.52081544 75.184
OS 115.52081544 83.82
OS 115.48589044 83.99558004
OS 115.38643166 84.14443166
OS 111.92286226 87.60800106
OS 111.9754682 87.73500106
OS 112.08499808 87.73500106
OS 112.08499808 91.33499894
OS 108.79457032 91.33499894
OS 106.5871376 93.54243166
OS 106.43828852 93.64189044
OS 106.26270594 93.67681544
OS 97.86800086 93.67681544
OS 97.69242082 93.64189044
OS 97.5435692 93.54243166
OS 95.33613648 91.33499894
OS 92.38500192 91.33499894
OS 92.38500192 87.73500106
OS 95.33613648 87.73500106
OS 96.82318456 86.24795298
OS 96.82318456 79.375
OS 96.85810956 79.19941742
OS 96.95756834 79.05056834
OS 97.59256834 78.41556834
OS 97.74141996 78.31610956
OS 97.917 78.28118456
OS 99.3340025 78.28118456
OS 99.3340025 78.06500008
OS 99.50601384 78.06500008
OS 99.50601384 77.83517072
OS 99.54093884 77.65958814
OS 99.64039762 77.51073906
OS 103.5120612 73.63907548
OS 103.5120612 71.7761582
OS 103.45607198 71.752968
OS 103.4085181 71.63816254
OS 103.4085181 70.03816066
OS 103.45607198 69.9233552
OS 103.57087744 69.87580132
OS 103.57087744 69.8381636
OS 104.37087584 69.8381636
OS 104.37087584 69.87580132
OS 104.48567876 69.92335266
OS 104.53969186 69.93046466
OS 104.63672494 69.80401076
OS 104.93961994 69.5715906
OS 105.29234974 69.42548472
OS 105.67087578 69.37564992
OS 106.04940182 69.42548472
OS 106.40213162 69.5715906
OS 106.70502662 69.80401076
OS 106.8020597 69.93046466
OS 106.8560728 69.9233552
OS 106.97087572 69.87580132
OS 106.97087572 69.8381636
OS 107.03746944 69.8381636
OS 107.03746944 69.0471441
OS 107.06284912 68.91955482
OS 107.13512228 68.81139146
OS 108.82370666 67.12280708
OS 108.83812878 67.04985828
OS 108.82030306 67.03203256
OS 108.8469121 67.00542352
OS 108.84691464 67.0054159
OS 108.79936076 66.89061298
OS 108.84691464 66.77580752
OS 109.97828906 65.6444331
OS 110.09309452 65.59687922
OS 110.20789998 65.64443564
OS 110.2345141 65.61782152
OS 110.8001975 66.18350492
OS 110.77358338 66.21011904
OS 110.82113726 66.32492196
OS 110.85430204 66.3681426
OS 111.01233068 66.34733746
OS 111.13939672 66.3640659
OS 111.19793102 66.25135848
OS 110.8480638 65.87099856
OS 109.83815472 64.91715998
OS 108.76376012 64.03659278
OS 107.63020384 63.23365306
OS 106.4430434 62.5122829
OS 105.85514008 62.20938536
OS 105.80446962 62.19114562
OS 105.77299902 62.17219976
OS 105.7378251 62.16161558
OS 105.56365984 62.06901734
OS 105.21162092 61.89075506
OS 104.85617332 61.71957684
OS 104.49735768 61.55551062
OS 104.31634458 61.47706526
OS 104.31633696 61.47706018
OS 104.30402558 61.47172618
OS 104.27732764 61.46868834
OS 104.25090656 61.47356006
OS 104.22705342 61.48591462
OS 104.21748524 61.49526182
OS 104.14381508 61.54323988
OS 104.11399548 61.56468256
OS 103.94734862 61.72744322
OS 96.9667987 76.4106168
OS 96.97394372 76.46020522
OS 96.9826229 76.51835598
OS 96.9824324 76.51912306
OS 96.98254416 76.51990284
OS 96.96795948 76.57712142
OS 96.9537304 76.63415204
OS 96.95326304 76.63478196
OS 96.95306746 76.63555158
OS 94.58560712 81.58797754
OS 94.51411374 81.68354758
OS 94.43869352 81.72833286
OS 87.156417 97.04616354
OS 87.1635163 97.05325014
OS 87.1753908 97.05956204
OS 87.17540096 97.05956966
OS 87.34949002 97.1521298
OS 87.70157466 97.33041494
OS 88.05702226 97.50159316
OS 88.41586584 97.66567208
OS 88.59684592 97.74409966
OS 88.60056956 97.74667776
OS 88.604979 97.747709
OS 89.23735264 98.03495506
OS 90.53934648 98.51922638
OS 91.87214798 98.91088168
OS 93.22914552 99.20797786
OS 94.60362842 99.4090468
OS 95.9888606 99.51310552
OS 97.37798914 99.5196384
OS 98.76415096 99.42860988
OE
OB 95.123 99.04325632 H
OS 94.82894928 99.01429524
OS 94.54619902 98.92852452
OS 94.2856128 98.78923854
OS 94.05720838 98.60179162
OS 93.86976146 98.3733872
OS 93.73047548 98.11280098
OS 93.64470476 97.83005072
OS 93.61574368 97.536
OS 93.64470476 97.24194928
OS 93.73047548 96.95919902
OS 93.86976146 96.6986128
OS 94.05720838 96.47020838
OS 94.2856128 96.28276146
OS 94.54619902 96.14347548
OS 94.82894928 96.05770476
OS 95.123 96.02874368
OS 95.41705072 96.05770476
OS 95.69980098 96.14347548
OS 95.9603872 96.28276146
OS 96.18879162 96.47020838
OS 96.37623854 96.6986128
OS 96.51552452 96.95919902
OS 96.60129524 97.24194928
OS 96.63025632 97.536
OS 96.60129524 97.83005072
OS 96.51552452 98.11280098
OS 96.37623854 98.3733872
OS 96.18879162 98.60179162
OS 95.9603872 98.78923854
OS 95.69980098 98.92852452
OS 95.41705072 99.01429524
OS 95.123 99.04325632
OE
SE
